{
  "camera_angle_x": 1.5708015769491148,
  "camera_angle_y": 1.588961888149353,
  "fl_x": 511.9973119280967,
  "fl_y": 502.78269785266497,
  "k1": -0.0005867031652887198,
  "k2": -0.0003835325914922932,
  "p1": -0.00017003559905742362,
  "p2": 0.00026412022366904386,
  "cx": 512.2674322380459,
  "cy": 512.1104858317045,
  "w": 1024.0,
  "h": 1024.0,
  "aabb_scale": 8,
  "frames": [
    {
      "file_path": "./images/IMG_20220525_155340_00_122_0.jpg",
      "sharpness": 44.029694575990106,
      "transform_matrix": [
        [
          0.9508165420221779,
          0.0026105597120311625,
          -0.3097435849150152,
          0.511574984387051
        ],
        [
          -0.3097493062234913,
          0.0021748646321294927,
          -0.9508157746156181,
          3.565711542380745
        ],
        [
          -0.0018085109869145303,
          0.9999942274547637,
          0.0028765163285443406,
          0.5038112019452435
        ],
        [
          0.0,
          0.0,
          0.0,
          1.0
        ]
      ]
    },
    {
      "file_path": "./images/IMG_20220525_155318_00_121_0.jpg",
      "sharpness": 40.83963472637606,
      "transform_matrix": [
        [
          0.941146890554672,
          0.004128402386742932,
          -0.33797261234312087,
          2.1495070020912093
        ],
        [
          -0.33798962553980105,
          0.0045298100639397255,
          -0.9411389344024877,
          3.1683533446679952
        ],
        [
          -0.0023544484823160216,
          0.9999812183813984,
          0.005658573833252988,
          0.5041249116311939
        ],
        [
          0.0,
          0.0,
          0.0,
          1.0
        ]
      ]
    },
    {
      "file_path": "./images/IMG_20220525_155340_00_122_1.jpg",
      "sharpness": 117.66289013980582,
      "transform_matrix": [
        [
          0.20733988528592584,
          0.002684281539523657,
          -0.9782652843698705,
          0.5151428132043941
        ],
        [
          -0.9782608649369309,
          0.004638815167629571,
          -0.20732622006559703,
          3.566167493032902
        ],
        [
          0.0039814698939191215,
          0.9999856379106079,
          0.0035877389853075366,
          0.5096817376658627
        ],
        [
          0.0,
          0.0,
          0.0,
          1.0
        ]
      ]
    },
    {
      "file_path": "./images/IMG_20220525_155318_00_121_1.jpg",
      "sharpness": 138.14613527059555,
      "transform_matrix": [
        [
          0.1776285735384511,
          0.001823411420619653,
          -0.9840959125179384,
          2.1522167540813553
        ],
        [
          -0.9840841673959216,
          0.00555431838635639,
          -0.17761616206848518,
          3.173141859148539
        ],
        [
          0.005142114682434256,
          0.9999829122135447,
          0.0027809959616275455,
          0.49898945382171744
        ],
        [
          0.0,
          0.0,
          0.0,
          1.0
        ]
      ]
    },
    {
      "file_path": "./images/IMG_20220525_155340_00_122_2.jpg",
      "sharpness": 164.20069973439828,
      "transform_matrix": [
        [
          -0.7445758228556445,
          0.003845324232188278,
          -0.6675268215595662,
          0.5017186933357068
        ],
        [
          -0.6675106413788415,
          0.00474744628469533,
          0.7445851230046039,
          3.5805176143239374
        ],
        [
          0.006032218945363909,
          0.9999813374440301,
          -0.0009680388793524248,
          0.5220202428361688
        ],
        [
          0.0,
          0.0,
          0.0,
          1.0
        ]
      ]
    },
    {
      "file_path": "./images/IMG_20220525_155318_00_121_2.jpg",
      "sharpness": 173.51792906911214,
      "transform_matrix": [
        [
          -0.7634976861280101,
          0.004295250871738779,
          -0.6457962790990287,
          2.152061935356012
        ],
        [
          -0.6457764975055329,
          0.0051930897979951445,
          0.7635088389061622,
          3.1697476282997337
        ],
        [
          0.006633140074464323,
          0.9999772910618154,
          -0.0011911399807652387,
          0.5127760164374018
        ],
        [
          0.0,
          0.0,
          0.0,
          1.0
        ]
      ]
    },
    {
      "file_path": "./images/IMG_20220525_155340_00_122_5.jpg",
      "sharpness": 183.00385431101313,
      "transform_matrix": [
        [
          0.7452221724154583,
          0.004215234526999159,
          0.6668029285623265,
          0.5060335827255217
        ],
        [
          0.6667790001639259,
          0.00585927374739838,
          -0.7452324696707386,
          3.563179669544859
        ],
        [
          -0.007048310530810518,
          0.999973950015731,
          0.0015558308474441544,
          0.5073250791238522
        ],
        [
          0.0,
          0.0,
          0.0,
          1.0
        ]
      ]
    },
    {
      "file_path": "./images/IMG_20220525_155318_00_121_5.jpg",
      "sharpness": 166.7908873346023,
      "transform_matrix": [
        [
          0.7632462024472265,
          0.004171176956206455,
          0.6460942932217517,
          2.1489270415124517
        ],
        [
          0.6460711755632135,
          0.005713846695511076,
          -0.7632557815452875,
          3.163850574716238
        ],
        [
          -0.006875358669986694,
          0.9999749763067914,
          0.0016661945921360006,
          0.5063994720063666
        ],
        [
          0.0,
          0.0,
          0.0,
          1.0
        ]
      ]
    },
    {
      "file_path": "./images/IMG_20220525_155401_00_123_0.jpg",
      "sharpness": 40.578805731012835,
      "transform_matrix": [
        [
          0.9986698693531695,
          0.0019438944938648935,
          -0.051523910190782306,
          -1.0786418025650277
        ],
        [
          -0.05153441442334559,
          0.005808461164214543,
          -0.9986543275372848,
          4.129647421194529
        ],
        [
          -0.0016420040172023974,
          0.9999812413511209,
          0.005900912616451195,
          0.5266554812783312
        ],
        [
          0.0,
          0.0,
          0.0,
          1.0
        ]
      ]
    },
    {
      "file_path": "./images/IMG_20220525_155340_00_122_3.jpg",
      "sharpness": 136.714583165347,
      "transform_matrix": [
        [
          -0.9503148690118656,
          0.004031869480548782,
          0.31126418644694787,
          0.5041527873616636
        ],
        [
          0.31128590437118087,
          0.0069957297854068195,
          0.9502905584633498,
          3.5698481979213645
        ],
        [
          0.0016539273600646722,
          0.9999674013658093,
          -0.007903210172220475,
          0.5054002809830499
        ],
        [
          0.0,
          0.0,
          0.0,
          1.0
        ]
      ]
    },
    {
      "file_path": "./images/IMG_20220525_155401_00_123_1.jpg",
      "sharpness": 88.98880183917092,
      "transform_matrix": [
        [
          0.4541812525223104,
          0.0023251538455841404,
          -0.8909062708937948,
          -1.077551672940538
        ],
        [
          -0.8909009853194155,
          0.005507003826317542,
          -0.45416418536224484,
          4.136889695195107
        ],
        [
          0.0038502226405808335,
          0.9999821331251272,
          0.004572659747532163,
          0.5342820771795297
        ],
        [
          0.0,
          0.0,
          0.0,
          1.0
        ]
      ]
    },
    {
      "file_path": "./images/IMG_20220525_155318_00_121_3.jpg",
      "sharpness": 136.7979072688309,
      "transform_matrix": [
        [
          -0.9410829618567559,
          0.004150958817162752,
          0.3381503045168548,
          2.147435896055622
        ],
        [
          0.33817122584030807,
          0.00636125381424563,
          0.9410630990871834,
          3.1577433013051595
        ],
        [
          0.001755254254266246,
          0.9999711515798027,
          -0.00739020241224542,
          0.5015834522421215
        ],
        [
          0.0,
          0.0,
          0.0,
          1.0
        ]
      ]
    },
    {
      "file_path": "./images/IMG_20220525_155340_00_122_4.jpg",
      "sharpness": 339.23369598061254,
      "transform_matrix": [
        [
          -0.20554537896995792,
          0.004847694586460314,
          0.9786355792849146,
          0.5004815199970465
        ],
        [
          0.9786351098048368,
          0.006067465580753444,
          0.20551522502895375,
          3.5670917399027124
        ],
        [
          -0.004941562649603911,
          0.9999698424050851,
          -0.005991263636104006,
          0.5047140896541537
        ],
        [
          0.0,
          0.0,
          0.0,
          1.0
        ]
      ]
    },
    {
      "file_path": "./images/IMG_20220525_155318_00_121_4.jpg",
      "sharpness": 305.31940833046974,
      "transform_matrix": [
        [
          -0.17735644206296639,
          0.004516753470356284,
          0.9841363174875123,
          2.1460881464731765
        ],
        [
          0.9841356850230538,
          0.00554138462551911,
          0.17733089556148104,
          3.154010624387805
        ],
        [
          -0.004652517921211597,
          0.9999744456712624,
          -0.005427898531913791,
          0.5022573196883522
        ],
        [
          0.0,
          0.0,
          0.0,
          1.0
        ]
      ]
    },
    {
      "file_path": "./images/IMG_20220525_155422_00_124_1.jpg",
      "sharpness": 61.8656615903019,
      "transform_matrix": [
        [
          0.4338169452009861,
          0.0032520801101918826,
          -0.900995162047205,
          -2.563067810125277
        ],
        [
          -0.9009949672665518,
          0.005234600352208894,
          -0.43379795748654415,
          4.61066140845813
        ],
        [
          0.0033056038832069727,
          0.9999810112872831,
          0.005200966146573774,
          0.5426860979121411
        ],
        [
          0.0,
          0.0,
          0.0,
          1.0
        ]
      ]
    },
    {
      "file_path": "./images/IMG_20220525_155422_00_124_0.jpg",
      "sharpness": 55.350592558627795,
      "transform_matrix": [
        [
          0.9973730355610999,
          0.002867088953882057,
          -0.07237960857586276,
          -2.5592523177132485
        ],
        [
          -0.07239288830950114,
          0.004835878323958367,
          -0.9973644689896688,
          4.597709570173342
        ],
        [
          -0.0025095136718260766,
          0.9999841969165286,
          0.005030731493982277,
          0.5270563165148234
        ],
        [
          0.0,
          0.0,
          0.0,
          1.0
        ]
      ]
    },
    {
      "file_path": "./images/IMG_20220525_155401_00_123_2.jpg",
      "sharpness": 140.10495253807173,
      "transform_matrix": [
        [
          -0.5434158291983552,
          0.002391646614915948,
          -0.8394602531413632,
          -1.0589895423427125
        ],
        [
          -0.8394458394655254,
          0.00496768332743967,
          0.5434206517297424,
          4.129710759742527
        ],
        [
          0.005469842865763474,
          0.9999848009594224,
          -0.0006918599542125118,
          0.5357470488951261
        ],
        [
          0.0,
          0.0,
          0.0,
          1.0
        ]
      ]
    },
    {
      "file_path": "./images/IMG_20220525_155401_00_123_3.jpg",
      "sharpness": 128.31784630566472,
      "transform_matrix": [
        [
          -0.9987492628183987,
          0.0016984194326104167,
          0.0499702450680735,
          -1.0700227952490275
        ],
        [
          0.049977401487508476,
          0.004470757114064495,
          0.9987403424671416,
          4.125136537599919
        ],
        [
          0.0014728751771485096,
          0.9999885637862493,
          -0.004550047961789776,
          0.5382482065203731
        ],
        [
          0.0,
          0.0,
          0.0,
          1.0
        ]
      ]
    },
    {
      "file_path": "./images/IMG_20220525_155422_00_124_2.jpg",
      "sharpness": 114.13203889644367,
      "transform_matrix": [
        [
          -0.5617151470448908,
          0.002386664504869261,
          -0.8273272613747877,
          -2.560673888143067
        ],
        [
          -0.8273149122031992,
          0.0045581450899812945,
          0.561719911841793,
          4.589179295513659
        ],
        [
          0.005111714669514232,
          0.9999867634858512,
          -0.0005858560041664214,
          0.5396154085721384
        ],
        [
          0.0,
          0.0,
          0.0,
          1.0
        ]
      ]
    },
    {
      "file_path": "./images/IMG_20220525_155446_00_125_1.jpg",
      "sharpness": 92.67232989511709,
      "transform_matrix": [
        [
          0.29612322727709395,
          0.0007987511445833633,
          -0.9551494104403956,
          -3.214083609868725
        ],
        [
          -0.9551383913188829,
          0.005123311174922049,
          -0.2961155266300316,
          3.391393772418852
        ],
        [
          0.004657005032404861,
          0.9999865567497604,
          0.00228004932276415,
          0.6872601993774705
        ],
        [
          0.0,
          0.0,
          0.0,
          1.0
        ]
      ]
    },
    {
      "file_path": "./images/IMG_20220525_155446_00_125_0.jpg",
      "sharpness": 72.69848619401455,
      "transform_matrix": [
        [
          0.9748531106446265,
          0.004233387647987067,
          -0.2228081935130427,
          -3.1980499638878532
        ],
        [
          -0.22282831621635174,
          0.005092021311191243,
          -0.9748444044108537,
          3.3966957099208597
        ],
        [
          -0.002992350190665744,
          0.9999780746341472,
          0.005907291456175567,
          0.6939013037430538
        ],
        [
          0.0,
          0.0,
          0.0,
          1.0
        ]
      ]
    },
    {
      "file_path": "./images/IMG_20220525_155401_00_123_5.jpg",
      "sharpness": 356.9325864741113,
      "transform_matrix": [
        [
          0.5432258570425624,
          0.002099069823279681,
          0.8395839815928354,
          -1.0797116186969165
        ],
        [
          0.8395586837132686,
          0.0067973907538837995,
          -0.5432264832282967,
          4.136355588863349
        ],
        [
          -0.006847250711738928,
          0.9999746943727346,
          0.0019302261200768234,
          0.5281351425603374
        ],
        [
          0.0,
          0.0,
          0.0,
          1.0
        ]
      ]
    },
    {
      "file_path": "./images/IMG_20220525_155422_00_124_3.jpg",
      "sharpness": 120.09269489602593,
      "transform_matrix": [
        [
          -0.9973419103205781,
          0.0013071263352766108,
          0.07285194122239691,
          -2.564877930333111
        ],
        [
          0.07285672858274612,
          0.004092505721801513,
          0.9973340205252887,
          4.593411287880763
        ],
        [
          0.0010054945769988634,
          0.9999907713667606,
          -0.004176860423212022,
          0.5415606010534997
        ],
        [
          0.0,
          0.0,
          0.0,
          1.0
        ]
      ]
    },
    {
      "file_path": "./images/IMG_20220525_155401_00_123_4.jpg",
      "sharpness": 450.5416809730758,
      "transform_matrix": [
        [
          -0.4560479532928636,
          0.0024887105991577094,
          0.8899517237569529,
          -1.0613548309753669
        ],
        [
          0.889949181607206,
          0.004954020075281417,
          0.45603279689267767,
          4.140731899827995
        ],
        [
          -0.0032739050503329233,
          0.9999846318847482,
          -0.004474096676881398,
          0.5231997659998219
        ],
        [
          0.0,
          0.0,
          0.0,
          1.0
        ]
      ]
    },
    {
      "file_path": "./images/IMG_20220525_155422_00_124_5.jpg",
      "sharpness": 302.1856210965442,
      "transform_matrix": [
        [
          0.5627187534941159,
          0.0029908779375887986,
          0.8266430058472756,
          -2.5637543845175577
        ],
        [
          0.8266355154903365,
          0.003550851261167927,
          -0.5627265019397494,
          4.586524876958871
        ],
        [
          -0.004618332639396539,
          0.999989222994684,
          -0.0004742353301799335,
          0.5238679963598415
        ],
        [
          0.0,
          0.0,
          0.0,
          1.0
        ]
      ]
    },
    {
      "file_path": "./images/IMG_20220525_155446_00_125_2.jpg",
      "sharpness": 146.00471549024084,
      "transform_matrix": [
        [
          -0.6796181834749931,
          0.002392638890489184,
          -0.733562130954371,
          -3.213650422610443
        ],
        [
          -0.7335477645208285,
          0.004840713591412129,
          0.679620662324521,
          3.391979067447922
        ],
        [
          0.0051770510049137216,
          0.9999854212797773,
          -0.0015347220682943134,
          0.7007860521660693
        ],
        [
          0.0,
          0.0,
          0.0,
          1.0
        ]
      ]
    },
    {
      "file_path": "./images/IMG_20220525_155446_00_125_3.jpg",
      "sharpness": 136.24705682972854,
      "transform_matrix": [
        [
          -0.9749087487889966,
          0.00395907439238974,
          0.22256966834152475,
          -3.208397698584531
        ],
        [
          0.22259065230837677,
          0.006034613219189497,
          0.974893319778234,
          3.3939618282305384
        ],
        [
          0.0025165533148814043,
          0.9999739542479484,
          -0.006764450174484991,
          0.6924974581844845
        ],
        [
          0.0,
          0.0,
          0.0,
          1.0
        ]
      ]
    },
    {
      "file_path": "./images/IMG_20220525_155513_00_126_1.jpg",
      "sharpness": 77.50245986068947,
      "transform_matrix": [
        [
          0.7489669596046123,
          -0.000194026223575914,
          -0.662607316421631,
          -3.7818129332864805
        ],
        [
          -0.6625965476406518,
          0.005489431431481915,
          -0.748956394723517,
          1.8354085383929273
        ],
        [
          0.0037826546103860515,
          0.9999849141349142,
          0.003982841663301825,
          0.6882961241206546
        ],
        [
          0.0,
          0.0,
          0.0,
          1.0
        ]
      ]
    },
    {
      "file_path": "./images/IMG_20220525_155422_00_124_4.jpg",
      "sharpness": 452.2673472343539,
      "transform_matrix": [
        [
          -0.43470933537146356,
          0.0030620575183684536,
          0.9005656097951346,
          -2.5665102231474983
        ],
        [
          0.9005630534300547,
          0.005629904452748031,
          0.4346889588804729,
          4.58390753283346
        ],
        [
          -0.0037390557418856833,
          0.9999794637794495,
          -0.005204947891379256,
          0.5231498123398743
        ],
        [
          0.0,
          0.0,
          0.0,
          1.0
        ]
      ]
    },
    {
      "file_path": "./images/IMG_20220525_155513_00_126_2.jpg",
      "sharpness": 131.34535810019588,
      "transform_matrix": [
        [
          -0.1977937726264578,
          -0.0015764001976296532,
          -0.9802423876132056,
          -3.765091436367333
        ],
        [
          -0.9802329828669565,
          0.004984412422701216,
          0.19778385913049018,
          1.8275932619276596
        ],
        [
          0.0045741458194563,
          0.9999863352047593,
          -0.0025311252053268705,
          0.6776894940910403
        ],
        [
          0.0,
          0.0,
          0.0,
          1.0
        ]
      ]
    },
    {
      "file_path": "./images/IMG_20220525_155513_00_126_3.jpg",
      "sharpness": 89.6311292316519,
      "transform_matrix": [
        [
          -0.9476621901567079,
          -0.001156375301791189,
          -0.3192726673935325,
          -3.764732002135178
        ],
        [
          -0.3192739698569659,
          0.005659216893173097,
          0.9476455589701934,
          1.8216814541173079
        ],
        [
          0.0007109993535966385,
          0.9999833178915264,
          -0.005732226408803683,
          0.6775810096294008
        ],
        [
          0.0,
          0.0,
          0.0,
          1.0
        ]
      ]
    },
    {
      "file_path": "./images/IMG_20220525_155513_00_126_0.jpg",
      "sharpness": 269.9109017659066,
      "transform_matrix": [
        [
          0.9478897835154395,
          -0.0003784983218503296,
          0.318598203144809,
          -3.778656188712859
        ],
        [
          0.31859682631657227,
          0.00429695879079758,
          -0.9478805823552657,
          1.8387897368169774
        ],
        [
          -0.001010232139999382,
          0.9999906963993208,
          0.004193631702091567,
          0.6800617896989396
        ],
        [
          0.0,
          0.0,
          0.0,
          1.0
        ]
      ]
    },
    {
      "file_path": "./images/IMG_20220525_155539_00_127_1.jpg",
      "sharpness": 143.83968437687736,
      "transform_matrix": [
        [
          0.28180230396992956,
          0.0015701629908019318,
          -0.9594712064811789,
          -4.396461106240335
        ],
        [
          -0.9594645289346442,
          0.0045351248563196694,
          -0.2817929210586363,
          0.17005958909991922
        ],
        [
          0.003908860901719589,
          0.9999884835495597,
          0.0027845243276225333,
          0.6602084723559467
        ],
        [
          0.0,
          0.0,
          0.0,
          1.0
        ]
      ]
    },
    {
      "file_path": "./images/IMG_20220525_155513_00_126_4.jpg",
      "sharpness": 423.77389499649314,
      "transform_matrix": [
        [
          -0.7504254561318097,
          0.00025014149980220435,
          0.6609550455360963,
          -3.7617579603467495
        ],
        [
          0.6609491219234768,
          0.004534592937937556,
          0.7504170145295698,
          1.8402381613558427
        ],
        [
          -0.002809451644290691,
          0.9999896873953975,
          -0.0035682047784747336,
          0.6794554878622181
        ],
        [
          0.0,
          0.0,
          0.0,
          1.0
        ]
      ]
    },
    {
      "file_path": "./images/IMG_20220525_155446_00_125_5.jpg",
      "sharpness": 394.5992468418408,
      "transform_matrix": [
        [
          0.6797168285306856,
          0.00416511994741778,
          0.7334628039573907,
          -3.1962617606068093
        ],
        [
          0.7334389732545691,
          0.006000445710961184,
          -0.6797288188406855,
          3.410673401937956
        ],
        [
          -0.007232255798343724,
          0.9999733228582257,
          0.0010237426307089057,
          0.6975448836054899
        ],
        [
          0.0,
          0.0,
          0.0,
          1.0
        ]
      ]
    },
    {
      "file_path": "./images/IMG_20220525_155539_00_127_2.jpg",
      "sharpness": 149.86382791192955,
      "transform_matrix": [
        [
          -0.6896878838203135,
          0.0027920866670705885,
          -0.7241013928757001,
          -4.415200823125926
        ],
        [
          -0.724087847323638,
          0.004571171031130847,
          0.6896926081622334,
          0.16472576784458337
        ],
        [
          0.005235672846341786,
          0.9999856542213373,
          -0.0011309652507412104,
          0.6748118173031104
        ],
        [
          0.0,
          0.0,
          0.0,
          1.0
        ]
      ]
    },
    {
      "file_path": "./images/IMG_20220525_155539_00_127_3.jpg",
      "sharpness": 94.56865893195086,
      "transform_matrix": [
        [
          -0.9713876044244465,
          0.0033991645813896717,
          0.23747540430897507,
          -4.407500895143796
        ],
        [
          0.2374924690858917,
          0.006083462083060232,
          0.9713703303151534,
          0.1683679342118385
        ],
        [
          0.0018571750044469764,
          0.9999757182903297,
          -0.006716675648734376,
          0.6687387716321006
        ],
        [
          0.0,
          0.0,
          0.0,
          1.0
        ]
      ]
    },
    {
      "file_path": "./images/IMG_20220525_155539_00_127_0.jpg",
      "sharpness": 194.85575418898588,
      "transform_matrix": [
        [
          0.9714712939461543,
          0.0034869200724396464,
          -0.23713153823989896,
          -4.3983433569782875
        ],
        [
          -0.2371466496149228,
          0.004863194537309871,
          -0.971461690400249,
          0.17898044897405127
        ],
        [
          -0.0022341924664705712,
          0.9999820952038736,
          0.005551365302526373,
          0.6661533151284496
        ],
        [
          0.0,
          0.0,
          0.0,
          1.0
        ]
      ]
    },
    {
      "file_path": "./images/IMG_20220525_155446_00_125_4.jpg",
      "sharpness": 536.1571576346992,
      "transform_matrix": [
        [
          -0.2951231420936811,
          0.004088529554487208,
          0.9554504774858104,
          -3.1983865830750866
        ],
        [
          0.9554536656172493,
          0.004674201627702962,
          0.2951041251790723,
          3.4104661809575263
        ],
        [
          -0.003259426239608028,
          0.9999807176972232,
          -0.005285865620966323,
          0.6968016939352651
        ],
        [
          0.0,
          0.0,
          0.0,
          1.0
        ]
      ]
    },
    {
      "file_path": "./images/IMG_20220525_155603_00_128_1.jpg",
      "sharpness": 144.87192996117528,
      "transform_matrix": [
        [
          0.43066266444164114,
          0.0009185999789445362,
          -0.9025125071882006,
          -4.839669588746072
        ],
        [
          -0.9025004789257183,
          0.005700537126540509,
          -0.4306511226216848,
          -1.2714905090044073
        ],
        [
          0.004749209942220802,
          0.9999833298868414,
          0.003284045428603001,
          0.6681162171321874
        ],
        [
          0.0,
          0.0,
          0.0,
          1.0
        ]
      ]
    },
    {
      "file_path": "./images/IMG_20220525_155603_00_128_3.jpg",
      "sharpness": 45.96049266474074,
      "transform_matrix": [
        [
          -0.9966998315999898,
          0.00045509632835589726,
          0.08117412504555525,
          -4.850193013065871
        ],
        [
          0.08117512028892619,
          0.0029590907089934405,
          0.9966954618278614,
          -1.2842310273257869
        ],
        [
          0.00021339084593383753,
          0.9999955183252252,
          -0.0029862677105401926,
          0.6766237692254058
        ],
        [
          0.0,
          0.0,
          0.0,
          1.0
        ]
      ]
    },
    {
      "file_path": "./images/IMG_20220525_155603_00_128_0.jpg",
      "sharpness": 252.87632720869442,
      "transform_matrix": [
        [
          0.9968960149215101,
          0.0019126275943171264,
          -0.07870627224259309,
          -4.840816650571438
        ],
        [
          -0.0787137473128378,
          0.004210900473126884,
          -0.9968883660175676,
          -1.2655665201058863
        ],
        [
          -0.0015752519182744798,
          0.9999893050297683,
          0.004348379986053935,
          0.6632153526132726
        ],
        [
          0.0,
          0.0,
          0.0,
          1.0
        ]
      ]
    },
    {
      "file_path": "./images/IMG_20220525_155603_00_128_2.jpg",
      "sharpness": 144.67865084180676,
      "transform_matrix": [
        [
          -0.5648312094015111,
          0.0016423609714788475,
          -0.8252048276261434,
          -4.86772708501433
        ],
        [
          -0.8252007410307602,
          0.002599481877708234,
          0.564833585842991,
          -1.2901266069212451
        ],
        [
          0.003072765631580463,
          0.9999952726615435,
          -0.00011299100209894256,
          0.6793361474958443
        ],
        [
          0.0,
          0.0,
          0.0,
          1.0
        ]
      ]
    },
    {
      "file_path": "./images/IMG_20220525_155513_00_126_5.jpg",
      "sharpness": 657.3290807470277,
      "transform_matrix": [
        [
          0.1974231598308865,
          0.00021110660258544258,
          0.9803183418652426,
          -3.77594900467874
        ],
        [
          0.9803034687892636,
          0.005470153707495806,
          -0.1974213425599014,
          1.835821637441771
        ],
        [
          -0.005404168961185972,
          0.999985016314468,
          0.0008729864948956744,
          0.6795932880740837
        ],
        [
          0.0,
          0.0,
          0.0,
          1.0
        ]
      ]
    },
    {
      "file_path": "./images/IMG_20220525_155632_00_129_3.jpg",
      "sharpness": 33.15378915468682,
      "transform_matrix": [
        [
          -0.9760847467287431,
          0.0023092675954604885,
          0.21737809109403303,
          -5.256857331743863
        ],
        [
          0.21738734292908407,
          0.005103142395399073,
          0.9760720778056943,
          -2.512316522947802
        ],
        [
          0.0011447002676175607,
          0.9999843124878974,
          -0.005483104999223193,
          0.6307884727726011
        ],
        [
          0.0,
          0.0,
          0.0,
          1.0
        ]
      ]
    },
    {
      "file_path": "./images/IMG_20220525_155632_00_129_2.jpg",
      "sharpness": 121.67334265539694,
      "transform_matrix": [
        [
          -0.6522488852444847,
          0.0024244324301246276,
          -0.758000998565138,
          -5.314809312838794
        ],
        [
          -0.7580012356904704,
          0.001012905733666883,
          0.6522523290212879,
          -2.514070075425482
        ],
        [
          0.002349125256675361,
          0.9999965480692393,
          0.0011770561422405146,
          0.6473545595455177
        ],
        [
          0.0,
          0.0,
          0.0,
          1.0
        ]
      ]
    },
    {
      "file_path": "./images/IMG_20220525_155539_00_127_4.jpg",
      "sharpness": 501.8317802931835,
      "transform_matrix": [
        [
          -0.28150431422107924,
          0.004079466048140531,
          0.9595512904648245,
          -4.40917311323071
        ],
        [
          0.9595535841796092,
          0.004842784888050764,
          0.28148439836444505,
          0.17304146598054132
        ],
        [
          -0.0034985944425636596,
          0.9999799524952078,
          -0.005277731106863169,
          0.6701931398105837
        ],
        [
          0.0,
          0.0,
          0.0,
          1.0
        ]
      ]
    },
    {
      "file_path": "./images/IMG_20220525_155632_00_129_1.jpg",
      "sharpness": 143.624605900563,
      "transform_matrix": [
        [
          0.3266575252217902,
          0.0015278694395857717,
          -0.9451415379888767,
          -5.2766644407812855
        ],
        [
          -0.9451213518309448,
          0.007260665900027561,
          -0.32663881129457933,
          -2.4817557447001266
        ],
        [
          0.006363295478015841,
          0.9999724737944997,
          0.0038157731845276962,
          0.6197298082190502
        ],
        [
          0.0,
          0.0,
          0.0,
          1.0
        ]
      ]
    },
    {
      "file_path": "./images/IMG_20220525_155539_00_127_5.jpg",
      "sharpness": 569.8547953906091,
      "transform_matrix": [
        [
          0.6904374985344298,
          0.004225503246294461,
          0.7233797106228945,
          -4.396532146695741
        ],
        [
          0.7233627381393163,
          0.004969412437810349,
          -0.6904503269690109,
          0.1745614130655423
        ],
        [
          -0.006512272229241665,
          0.9999787248053664,
          0.00037449709449156036,
          0.6663085812464671
        ],
        [
          0.0,
          0.0,
          0.0,
          1.0
        ]
      ]
    },
    {
      "file_path": "./images/IMG_20220525_155632_00_129_0.jpg",
      "sharpness": 234.87917425838168,
      "transform_matrix": [
        [
          0.9817137511775729,
          0.0029225808527946736,
          -0.1903406663617777,
          -5.286236037853441
        ],
        [
          -0.19035457424999525,
          0.005606813588488613,
          -0.9816993937573189,
          -2.4807931754416797
        ],
        [
          -0.0018018912167960504,
          0.9999800108820031,
          0.006060612634053453,
          0.61869823727598
        ],
        [
          0.0,
          0.0,
          0.0,
          1.0
        ]
      ]
    },
    {
      "file_path": "./images/IMG_20220525_155603_00_128_4.jpg",
      "sharpness": 357.8790507953328,
      "transform_matrix": [
        [
          -0.43077677571047124,
          0.0034166138180700156,
          0.9024520465152354,
          -4.850020093134174
        ],
        [
          0.9024514618827503,
          0.005584142301376585,
          0.43075535550988225,
          -1.2637898117658062
        ],
        [
          -0.003567695948066886,
          0.9999785718233187,
          -0.005488846950501511,
          0.6622869334747553
        ],
        [
          0.0,
          0.0,
          0.0,
          1.0
        ]
      ]
    },
    {
      "file_path": "./images/IMG_20220525_155702_00_130_2.jpg",
      "sharpness": 140.7912158935469,
      "transform_matrix": [
        [
          -0.6208654346692847,
          0.0037372401549040854,
          -0.7839082504158073,
          -3.5908360084375675
        ],
        [
          -0.7839020719222786,
          0.003244182028536427,
          0.6208760076850485,
          -1.7170783441177788
        ],
        [
          0.004863503805157476,
          0.999987754085028,
          0.0009154298154068664,
          0.6260904936390618
        ],
        [
          0.0,
          0.0,
          0.0,
          1.0
        ]
      ]
    },
    {
      "file_path": "./images/IMG_20220525_155702_00_130_3.jpg",
      "sharpness": 56.4681393812607,
      "transform_matrix": [
        [
          -0.9898164530286789,
          0.004163965109154936,
          0.1422886176379629,
          -3.6044962474791693
        ],
        [
          0.1423081659366829,
          0.0048495240376291915,
          0.9898105212738172,
          -1.7255902062972093
        ],
        [
          0.0034315044037422702,
          0.999979571547442,
          -0.005392704919511616,
          0.6217527988273386
        ],
        [
          0.0,
          0.0,
          0.0,
          1.0
        ]
      ]
    },
    {
      "file_path": "./images/IMG_20220525_155702_00_130_1.jpg",
      "sharpness": 146.72298430255614,
      "transform_matrix": [
        [
          0.3665259613589809,
          0.002448653359862602,
          -0.9304046021745734,
          -3.5545473456837344
        ],
        [
          -0.9303929741361939,
          0.0066145227222791135,
          -0.36650397237569543,
          -1.7040183173154408
        ],
        [
          0.005256741198636052,
          0.9999751257840906,
          0.00470260418182529,
          0.609757673251834
        ],
        [
          0.0,
          0.0,
          0.0,
          1.0
        ]
      ]
    },
    {
      "file_path": "./images/IMG_20220525_155632_00_129_4.jpg",
      "sharpness": 301.37787818699144,
      "transform_matrix": [
        [
          -0.32783496208088714,
          0.003411366099832448,
          0.944728850104507,
          -5.29481727521337
        ],
        [
          0.9447277720012096,
          0.00509796929596771,
          0.32781617946447983,
          -2.4795838273548556
        ],
        [
          -0.003697897669245955,
          0.9999811864687345,
          -0.004894104865808227,
          0.6276712514294541
        ],
        [
          0.0,
          0.0,
          0.0,
          1.0
        ]
      ]
    },
    {
      "file_path": "./images/IMG_20220525_155702_00_130_0.jpg",
      "sharpness": 176.23109802807085,
      "transform_matrix": [
        [
          0.9890342964935487,
          0.0026658920718567506,
          -0.14766195644105515,
          -3.550223136948821
        ],
        [
          -0.14767491012225287,
          0.005588375087262544,
          -0.9890201671271766,
          -1.696042703977369
        ],
        [
          -0.0018114306237390968,
          0.9999808313584682,
          0.005920779995079854,
          0.6010707670511938
        ],
        [
          0.0,
          0.0,
          0.0,
          1.0
        ]
      ]
    },
    {
      "file_path": "./images/IMG_20220525_155603_00_128_5.jpg",
      "sharpness": 508.7245861969261,
      "transform_matrix": [
        [
          0.566396556379025,
          0.0032473977630527334,
          0.8241264437759405,
          -4.843598293699026
        ],
        [
          0.8241087741465063,
          0.00541059205012112,
          -0.5664057325525671,
          -1.2608801108797254
        ],
        [
          -0.00629835669386012,
          0.999980089753023,
          0.0003883317154848683,
          0.6649031157374382
        ],
        [
          0.0,
          0.0,
          0.0,
          1.0
        ]
      ]
    },
    {
      "file_path": "./images/IMG_20220525_155702_00_130_4.jpg",
      "sharpness": 282.7240037307987,
      "transform_matrix": [
        [
          -0.3672127529622378,
          0.0036063007530092585,
          0.9301299848181441,
          -3.543896684446108
        ],
        [
          0.9301259374808919,
          0.006295555880961065,
          0.36718674595012535,
          -1.7172043961361358
        ],
        [
          -0.004531499457565151,
          0.9999736799396556,
          -0.005666122275206069,
          0.6035301057728297
        ],
        [
          0.0,
          0.0,
          0.0,
          1.0
        ]
      ]
    },
    {
      "file_path": "./images/IMG_20220525_155723_00_131_1.jpg",
      "sharpness": 149.40270608939682,
      "transform_matrix": [
        [
          0.9030811691421945,
          -0.0032679012755569845,
          -0.42945747491812064,
          -1.0679139933441852
        ],
        [
          -0.42944349649290403,
          0.004218615105271444,
          -0.9030838757316748,
          -1.6134372379160447
        ],
        [
          0.004762904740199839,
          0.9999857619530764,
          0.002406372911460626,
          0.5800271460632269
        ],
        [
          0.0,
          0.0,
          0.0,
          1.0
        ]
      ]
    },
    {
      "file_path": "./images/IMG_20220525_155702_00_130_5.jpg",
      "sharpness": 428.4785387189477,
      "transform_matrix": [
        [
          0.6217869339515099,
          0.0037852312947625035,
          0.7831772984403045,
          -3.5401277220652503
        ],
        [
          0.7831463200879593,
          0.0071173679950309226,
          -0.6217967388186522,
          -1.7109436365815318
        ],
        [
