{
  "camera_angle_x": 1.8545384716575088,
  "camera_angle_y": 1.2870294014624875,
  "fl_x": 960.051965358357,
  "fl_y": 959.9728166167127,
  "k1": 6.111454798814543e-05,
  "k2": -3.9959417183012495e-05,
  "p1": 5.313068586743618e-06,
  "p2": 1.6945958901622945e-05,
  "cx": 1280.5564020146746,
  "cy": 720.4238817403149,
  "w": 2560.0,
  "h": 1440.0,
  "aabb_scale": 8,
  "frames": [
    {
      "file_path": "./images\\images/0007.jpg",
      "sharpness": 659.722733896785,
      "transform_matrix": [
        [
          -0.9960802953757945,
          0.023419568585686643,
          -0.08529694586740262,
          2.4466090729965235
        ],
        [
          -0.087648730542029,
          -0.39112345600918635,
          0.9161550863220709,
          2.3331245813529895
        ],
        [
          -0.011905679375441656,
          0.9200401980181147,
          0.3916430630464092,
          1.2792860397103591
        ],
        [
          0.0,
          0.0,
          0.0,
          1.0
        ]
      ]
    },
    {
      "file_path": "./images\\images/0011.jpg",
      "sharpness": 281.9820067209594,
      "transform_matrix": [
        [
          -0.37789810798081985,
          0.1860054460547422,
          0.906970227750321,
          -1.9709430623072002
        ],
        [
          0.9258468523251965,
          0.07508365971366072,
          0.37036475275534647,
          2.663526640549503
        ],
        [
          0.0007912170883860365,
          0.9796756698443309,
          -0.20058652969119523,
          0.5606661060792925
        ],
        [
          0.0,
          0.0,
          0.0,
          1.0
        ]
      ]
    },
    {
      "file_path": "./images\\images/0002.jpg",
      "sharpness": 426.9439003609811,
      "transform_matrix": [
        [
          -0.9296878777866276,
          -0.09081568761539646,
          -0.35697753540316024,
          -5.165642573641117
        ],
        [
          -0.3681305043440365,
          0.1957578817212228,
          0.9089327717248533,
          2.5640085617216912
        ],
        [
          -0.01266418850777534,
          0.9764380997430533,
          -0.21542575450161575,
          0.28998340497230696
        ],
        [
          0.0,
          0.0,
          0.0,
          1.0
        ]
      ]
    },
    {
      "file_path": "./images\\images/0006.jpg",
      "sharpness": 565.1259417252998,
      "transform_matrix": [
        [
          -0.1711428321774021,
          -0.2638247608883951,
          -0.9492663622711246,
          -0.13656984410902634
        ],
        [
          -0.985217885212239,
          0.03851835993150964,
          0.166919305672261,
          2.0735299952998103
        ],
        [
          -0.007473262493807218,
          0.963801240657709,
          -0.2665170141985966,
          0.693660800185196
        ],
        [
          0.0,
          0.0,
          0.0,
          1.0
        ]
      ]
    },
    {
      "file_path": "./images\\images/0001.jpg",
      "sharpness": 148.0198163243451,
      "transform_matrix": [
        [
          -0.4379517151711974,
          -0.0035821067033966507,
          -0.8989913590759077,
          -7.7040859818651155
        ],
        [
          -0.8989411771227755,
          -0.009547116026898157,
          0.4379653098690435,
          3.241840375723986
        ],
        [
          -0.010151613284613687,
          0.9999480091935329,
          0.000961072622387618,
          -0.04163079334973925
        ],
        [
          0.0,
          0.0,
          0.0,
          1.0
        ]
      ]
    },
    {
      "file_path": "./images\\images/0010.jpg",
      "sharpness": 232.96296805530127,
      "transform_matrix": [
        [
          -0.36909369241571893,
          -0.17895399475383125,
          0.9120007203854349,
          0.7028585723295229
        ],
        [
          0.9293917022602877,
          -0.0720759645516258,
          0.3619891146204229,
          2.961638459170073
        ],
        [
          0.0009539334748305784,
          0.9812138009111768,
          0.19292114170132593,
          0.8044470842658993
        ],
        [
          0.0,
          0.0,
          0.0,
          1.0
        ]
      ]
    },
    {
      "file_path": "./images\\images/0012.jpg",
      "sharpness": 288.920161620161,
      "transform_matrix": [
        [
          -0.9178805875117622,
          -0.057080081304336956,
          0.3927303036312943,
          -4.4136012629201655
        ],
        [
          0.39676748960315555,
          -0.11100971200228105,
          0.9111818715466088,
          3.56444224522457
        ],
        [
          -0.008413457410240053,
          0.9921787682481418,
          0.12454118023763106,
          0.6998059891741715
        ],
        [
          0.0,
          0.0,
          0.0,
          1.0
        ]
      ]
    },
    {
      "file_path": "./images\\images/0004.jpg",
      "sharpness": 584.6943209269663,
      "transform_matrix": [
        [
          -0.1264087270333667,
          -0.009864815497091799,
          -0.9919291905917418,
          -0.377871622876023
        ],
        [
          -0.9919539512421993,
          -0.0057408105249465114,
          0.12646897528447534,
          1.9751519644083384
        ],
        [
          -0.006942070644638369,
          0.9999348621348797,
          -0.00905975416001734,
          0.6488942965877709
        ],
        [
          0.0,
          0.0,
          0.0,
          1.0
        ]
      ]
    },
    {
      "file_path": "./images\\images/0009.jpg",
      "sharpness": 643.5022823358394,
      "transform_matrix": [
        [
          -0.7438947559448933,
          -0.27227034180812687,
          0.6103191403293438,
          1.7772928306577516
        ],
        [
          0.6682794438871638,
          -0.2964829999281845,
          0.6822759087286078,
          3.1130551810831135
        ],
        [
          -0.004814245238554124,
          0.9154052063037339,
          0.40250482148388966,
          1.1481603852243647
        ],
        [
          0.0,
          0.0,
          0.0,
          1.0
        ]
      ]
    },
    {
      "file_path": "./images\\images/0003.jpg",
      "sharpness": 541.4188186061428,
      "transform_matrix": [
        [
          -0.0824649050214418,
          -0.004744729815965923,
          -0.9965826744338641,
          -2.9496166360084812
        ],
        [
          -0.9965733464242419,
          -0.006040525735648658,
          0.08249289209152595,
          1.431933414818553
        ],
        [
          -0.006411289777331254,
          0.9999704993602494,
          -0.004230339889506284,
          0.6287074767254812
        ],
        [
          0.0,
          0.0,
          0.0,
          1.0
        ]
      ]
    },
    {
      "file_path": "./images\\images/0008.jpg",
      "sharpness": 609.7389005379122,
      "transform_matrix": [
        [
          -0.7572686485202212,
          -0.2679495708369755,
          0.5956065995769475,
          2.918251276952663
        ],
        [
          0.6530835802709618,
          -0.303551749537303,
          0.6937853937157402,
          2.7568746260466748
        ],
        [
          -0.005102073161548592,
          0.9143628179469143,
          0.4048636881823418,
          1.3728830855919527
        ],
        [
          0.0,
          0.0,
          0.0,
          1.0
        ]
      ]
    },
    {
      "file_path": "./images\\images/0005.jpg",
      "sharpness": 752.2900798620343,
      "transform_matrix": [
        [
          -0.1317495066328478,
          -0.010319947990597461,
          -0.9912293206813686,
          -0.29383845831720334
        ],
        [
          -0.991258232744017,
          -0.00570281336910304,
          0.13181272297045105,
          2.1017061037799376
        ],
        [
          -0.007013096267382732,
          0.9999304858819559,
          -0.009478390559371367,
          0.5437811866135926
        ],
        [
          0.0,
          0.0,
          0.0,
          1.0
        ]
      ]
    },
    {
      "file_path": "./images\\images/0015.jpg",
      "sharpness": 397.6462486315934,
      "transform_matrix": [
        [
          -0.640139577273838,
          -0.11781642940249586,
          0.7591710021948247,
          -3.4771537025372097
        ],
        [
          0.7682521851522041,
          -0.0941204719430173,
          0.6331902690108934,
          -1.205323006867042
        ],
        [
          -0.00314668361523903,
          0.9885649324789036,
          0.1507629684577151,
          0.39544306376530924
        ],
        [
          0.0,
          0.0,
          0.0,
          1.0
        ]
      ]
    },
    {
      "file_path": "./images\\images/0014.jpg",
      "sharpness": 199.1293683966166,
      "transform_matrix": [
        [
          -0.04741422228579716,
          -0.13244426220611127,
          0.9900557605189152,
          -3.541887792166848
        ],
        [
          0.9988626017378249,
          -0.011287145151668383,
          0.04632605318682463,
          -0.5800886067975806
        ],
        [
          0.005039283141972365,
          0.9911261866008685,
          0.13282879154163635,
          0.3995614933943242
        ],
        [
          0.0,
          0.0,
          0.0,
          1.0
        ]
      ]
    },
    {
      "file_path": "./images\\images/0020.jpg",
      "sharpness": 184.81897781141768,
      "transform_matrix": [
        [
          -0.19547926035203428,
          -0.09661279640790352,
          0.975937409030642,
          -2.2285682890012986
        ],
        [
          0.980702573660779,
          -0.02251707098852116,
          0.1942046434285816,
          3.2477218156404573
        ],
        [
          0.003212598242461299,
          0.9950673088225326,
          0.09915003846792633,
          0.17166057894531708
        ],
        [
          0.0,
          0.0,
          0.0,
          1.0
        ]
      ]
    },
    {
      "file_path": "./images\\images/0013.jpg",
      "sharpness": 313.6872517898079,
      "transform_matrix": [
        [
          -0.7193767966970277,
          -0.10366492846792646,
          0.686841034725386,
          -4.244278859795317
        ],
        [
          0.6946065309415826,
          -0.10118670748029539,
          0.7122380342291452,
          1.4913013754665452
        ],
        [
          -0.004334922004279954,
          0.989451783988478,
          0.14479770583890786,
          0.4775309373395393
        ],
        [
          0.0,
          0.0,
          0.0,
          1.0
        ]
      ]
    },
    {
      "file_path": "./images\\images/0017.jpg",
      "sharpness": 448.4520634625645,
      "transform_matrix": [
        [
          0.5103996235520367,
          0.014712078666378076,
          -0.8598114787685893,
          -3.478288048781342
        ],
        [
          -0.8599365702105778,
          0.01006765977940086,
          -0.5103016141861921,
          -1.2047913017422085
        ],
        [
          0.0011486919511787856,
          0.9998410858585761,
          0.01778998423048949,
          0.3963368233532282
        ],
        [
          0.0,
          0.0,
          0.0,
          1.0
        ]
      ]
    },
    {
      "file_path": "./images\\images/0016.jpg",
      "sharpness": 587.2062016282605,
      "transform_matrix": [
        [
          -0.9288720157830429,
          0.02577582546082059,
          -0.3695028891902403,
          -3.4773331319605516
        ],
        [
          -0.37018317704706377,
          -0.09879514492120006,
          0.9236903890218523,
          -1.2052112451532524
        ],
        [
          -0.012696209239087283,
          0.9947739070586639,
          0.10130982237263012,
          0.39533802467527324
        ],
        [
          0.0,
          0.0,
          0.0,
          1.0
        ]
      ]
    },
    {
      "file_path": "./images\\images/0021.jpg",
      "sharpness": 40.47569755377122,
      "transform_matrix": [
        [
          -0.059603584190609654,
          -0.049427877389803275,
          0.9969976417681975,
          -4.591529146612367
        ],
        [
          0.9982103408002415,
          -0.007804564270001411,
          0.059289158334568735,
          2.9563702648958086
        ],
        [
          0.0048505949235140376,
          0.9987472021068543,
          0.049804598337846215,
          -0.029143231029584563
        ],
        [
          0.0,
          0.0,
          0.0,
          1.0
        ]
      ]
    },
    {
      "file_path": "./images\\images/0022.jpg",
      "sharpness": 48.25224713427903,
      "transform_matrix": [
        [
          -0.05944524086545316,
          -0.048246510481456076,
          0.997064961558567,
          -4.605251863804073
        ],
        [
          0.9982195625640347,
          -0.007771751481240098,
          0.05913801479066852,
          2.954350702767309
        ],
        [
          0.004895738241434897,
          0.9988052233084546,
          0.04862260422678905,
          -0.030374536698753594
        ],
        [
          0.0,
          0.0,
          0.0,
          1.0
        ]
      ]
    },
    {
      "file_path": "./images\\images/0023.jpg",
      "sharpness": 67.5287640880903,
      "transform_matrix": [
        [
          -0.06046330200861831,
          -0.05049149704007611,
          0.9968925708619973,
          -4.012984819820375
        ],
        [
          0.9981587781333188,
          -0.007882169255839193,
          0.06014087664161938,
          2.99218344944691
        ],
        [
          0.004821073078485019,
          0.9986933864492392,
          0.050875112971843404,
          -0.000262154185221069
        ],
        [
          0.0,
          0.0,
          0.0,
          1.0
        ]
      ]
    },
    {
      "file_path": "./images\\images/0018.jpg",
      "sharpness": 580.7248645951954,
      "transform_matrix": [
        [
          -0.28159217367502687,
          0.13567866297301628,
          -0.9498932298641797,
          -2.8215443057701997
        ],
        [
          -0.9594963322031648,
          -0.048608584817967114,
          0.2774959350525129,
          0.248618390888657
        ],
        [
          -0.008522688183493837,
          0.9895597535767197,
          0.1438709765389967,
          0.41141673417383856
        ],
        [
          0.0,
          0.0,
          0.0,
          1.0
        ]
      ]
    },
    {
      "file_path": "./images\\images/0019.jpg",
      "sharpness": 402.62631010563894,
      "transform_matrix": [
        [
          -0.9998571538842197,
          -0.013368318325779446,
          0.01034214168651852,
          -0.6924982724209577
        ],
        [
          0.012475644785042312,
          -0.17090362451847999,
          0.985208764381257,
          2.1261288872488597
        ],
        [
          -0.011403074880086942,
          0.9851970560220304,
          0.1710459899903506,
          0.2595350287363946
        ],
        [
          0.0,
          0.0,
          0.0,
          1.0
        ]
      ]
    },
    {
      "file_path": "./images\\images/0026.jpg",
      "sharpness": 124.69920600037206,
      "transform_matrix": [
        [
          0.01255025789146562,
          -0.013374555967285625,
          0.9998317919942891,
          -3.146990656186486
        ],
        [
          0.9999048700590504,
          -0.0055541244200796695,
          -0.012625471639504301,
          2.681997411268609
        ],
        [
          0.005722050248943428,
          0.9998951309800342,
          0.013303577952733035,
          0.01986586355967057
        ],
        [
          0.0,
          0.0,
          0.0,
          1.0
        ]
      ]
    },
    {
      "file_path": "./images\\images/0024.jpg",
      "sharpness": 72.17561591976651,
      "transform_matrix": [
        [
          0.0041845609667954696,
          -0.015897429215877387,
          0.9998648714685486,
          -3.7308943767042315
        ],
        [
          0.9999754605380471,
          -0.0055513362330118455,
          -0.004273287697849295,
          3.009816062283466
        ],
        [
          0.0056185203777947244,
          0.9998582171554775,
          0.01587380919660387,
          0.013895242579724208
        ],
        [
          0.0,
          0.0,
          0.0,
          1.0
        ]
      ]
    },
    {
      "file_path": "./images\\images/0025.jpg",
      "sharpness": 84.9954603405999,
      "transform_matrix": [
        [
          0.013693325844532997,
          -0.013494677924306323,
          0.9998151761690809,
          -3.7309169862035456
        ],
        [
          0.9998900167180987,
          -0.00551146663543484,
          -0.013768740066057699,
          3.010189433003706
        ],
        [
          0.005696252697672237,
          0.9998937530589045,
          0.013417723426819819,
          0.014044170606023367
        ],
        [
          0.0,
          0.0,
          0.0,
          1.0
        ]
      ]
    },
    {
      "file_path": "./images\\images/0027.jpg",
      "sharpness": 182.7975932467353,
      "transform_matrix": [
        [
          0.050992744644876895,
          -0.017506337884865202,
          0.9985455763911927,
          -3.2212750535640793
        ],
        [
          0.9986798056433668,
          -0.005308902759652896,
          -0.05109267414821367,
          -0.10716326700439804
        ],
        [
          0.006195626983222343,
          0.9998326578424639,
          0.01721251059361692,
          0.003320551421443172
        ],
        [
          0.0,
          0.0,
          0.0,
          1.0
        ]
      ]
    },
    {
      "file_path": "./images\\images/0028.jpg",
      "sharpness": 305.3061159919444,
      "transform_matrix": [
        [
          0.03518242434320637,
          -0.01916554422072357,
          0.9991971171570871,
          -3.2949374475372073
        ],
        [
          0.9993629559402748,
          -0.00531784666853687,
          -0.03529026496253648,
          -1.5566432700190471
        ],
        [
          0.005989934194386009,
          0.9998021816462039,
          0.018966240186541885,
          -0.006067050862272064
        ],
        [
          0.0,
          0.0,
          0.0,
          1.0
        ]
      ]
    },
    {
      "file_path": "./images\\images/0036.jpg",
      "sharpness": 636.1336215648349,
      "transform_matrix": [
        [
          -0.1496880227330215,
          0.005442469611084022,
          -0.9887182993035912,
          1.9376163537558448
        ],
        [
          -0.9887066694869678,
          -0.008160276669809747,
          0.14964134320654607,
          -2.9291887853590133
        ],
        [
          -0.00725379640785766,
          0.9999518935489748,
          0.006602501682617057,
          -0.017478659222707638
        ],
        [
          0.0,
          0.0,
          0.0,
          1.0
        ]
      ]
    },
    {
      "file_path": "./images\\images/0029.jpg",
      "sharpness": 382.1841747883419,
      "transform_matrix": [
        [
          -0.6176717400463675,
          -0.03346217110514957,
          0.7857238093986957,
          -3.2970296980062126
        ],
        [
          0.7864312483662361,
          -0.022799035742707793,
          0.6172569121219513,
          -1.5905658527896518
        ],
        [
          -0.002741011194883678,
          0.9991799072625044,
          0.04039801707384509,
          -0.006923465976846948
        ],
        [
          0.0,
          0.0,
          0.0,
          1.0
        ]
      ]
    },
    {
      "file_path": "./images\\images/0030.jpg",
      "sharpness": 664.4560703995484,
      "transform_matrix": [
        [
          -0.9963090619450062,
          -0.013918854417493041,
          0.08470252995596915,
          -3.2972042084593625
        ],
        [
          0.08512625227266137,
          -0.0333569689513303,
          0.9958116457425022,
          -1.5909255721955766
        ],
        [
          -0.011035137662493753,
          0.9993465755767902,
          0.03441871035771856,
          -0.006908121348922404
        ],
        [
          0.0,
          0.0,
          0.0,
          1.0
        ]
      ]
    },
    {
      "file_path": "./images\\images/0035.jpg",
      "sharpness": 574.8144117618032,
      "transform_matrix": [
        [
          -0.1843728319525051,
          0.002603581398489339,
          -0.9828529290818082,
          0.3736867490982708
        ],
        [
          -0.9828267330255557,
          -0.008255100207057805,
          0.1843460500550099,
          -2.663610614588146
        ],
        [
          -0.007633589471562415,
          0.9999625366419728,
          0.0040808856032702595,
          -0.008227664203335948
        ],
        [
          0.0,
          0.0,
          0.0,
          1.0
        ]
      ]
    },
    {
      "file_path": "./images\\images/0032.jpg",
      "sharpness": 529.994758815121,
      "transform_matrix": [
        [
          -0.4170124164090646,
          -0.0010871445885471303,
          -0.9089001390033402,
          -3.2969945711971875
        ],
        [
          -0.9088476622079861,
          -0.010313275881845463,
          0.41700067534677027,
          -1.5914412095412993
        ],
        [
          -0.009827077910212919,
          0.9999462257842688,
          0.003312715278798506,
          -0.00696835866050437
        ],
        [
          0.0,
          0.0,
          0.0,
          1.0
        ]
      ]
    },
    {
      "file_path": "./images\\images/0038.jpg",
      "sharpness": 556.6266978202449,
      "transform_matrix": [
        [
          -0.7867811978227855,
          0.06927743576365342,
          -0.613331870727041,
          2.418698895994894
        ],
        [
          -0.6171047092952899,
          -0.10846921304260342,
          0.7793691086946507,
          -2.4443298522828054
        ],
        [
          -0.012534931987940496,
          0.991682946671401,
          0.1280929692222068,
          -0.010910191029689724
        ],
        [
          0.0,
          0.0,
          0.0,
          1.0
        ]
      ]
    },
    {
      "file_path": "./images\\images/0037.jpg",
      "sharpness": 731.3934732149854,
      "transform_matrix": [
        [
          -0.15504189879937363,
          0.016143089825202735,
          -0.9877759919488606,
          2.0315789829480884
        ],
        [
          -0.9878808276686127,
          -0.009934942797394052,
          0.15489598844511374,
          -2.9434340596422337
        ],
        [
          -0.007312998121618078,
          0.999820332642562,
          0.01748778133342109,
          -0.017937031441923504
        ],
        [
          0.0,
          0.0,
          0.0,
          1.0
        ]
      ]
    },
    {
      "file_path": "./images\\images/0039.jpg",
      "sharpness": 662.3895922952335,
      "transform_matrix": [
        [
          -0.9595303727363491,
          0.02842887235722067,
          -0.2801664916008263,
          2.7241630505637944
        ],
        [
          -0.28132458625458245,
          -0.14117085462792492,
          0.9491718848408385,
          -1.4233896844978187
        ],
        [
          -0.012567456698193313,
          0.9895769747841928,
          0.14345546351422117,
          0.09370338725857619
        ],
        [
          0.0,
          0.0,
          0.0,
          1.0
        ]
      ]
    },
    {
      "file_path": "./images\\images/0031.jpg",
      "sharpness": 490.8902890175706,
      "transform_matrix": [
        [
          -0.9441910224505246,
          0.0013880791105560439,
          -0.32939548625199977,
          -3.2969474243831938
        ],
        [
          -0.32915403542502003,
          -0.04248808270873952,
          0.9433198735270872,
          -1.5909538198799782
        ],
        [
          -0.012685980052745207,
          0.9990960094340727,
          0.040573758095455895,
          -0.007192339507693547
        ],
        [
          0.0,
          0.0,
          0.0,
          1.0
        ]
      ]
    },
    {
      "file_path": "./images\\images/0033.jpg",
      "sharpness": 553.0692011048257,
      "transform_matrix": [
        [
          -0.3297730052094418,
          -0.0036496647429879433,
          -0.9440532002940156,
          -2.0111637712339197
        ],
        [
          -0.9440171725329084,
          -0.008278562638442883,
          0.3297924246607466,
          -2.047601717265079
        ],
        [
          -0.00901903533744534,
          0.9999590718378834,
          -0.0007152997112746959,
          -0.005910099868652181
        ],
        [
          0.0,
          0.0,
          0.0,
          1.0
        ]
      ]
    },
    {
      "file_path": "./images\\images/0034.jpg",
      "sharpness": 590.3764756487516,
      "transform_matrix": [
        [
          -0.22740018532106854,
          -0.0010091157469639023,
          -0.9738008715360285,
          -0.8740321178236751
        ],
        [
          -0.9737685509031111,
          -0.007977336900303488,
          0.22740090450135458,
          -2.3865641516516853
        ],
        [
          -0.007997811459658232,
          0.9999676713696116,
          0.0008314027108829719,
          -0.00585725218162347
        ],
        [
          0.0,
          0.0,
          0.0,
          1.0
        ]
      ]
    },
    {
      "file_path": "./images\\images/0040.jpg",
      "sharpness": 661.8123247105913,
      "transform_matrix": [
        [
          -0.9372021914576367,
          0.03921268204113968,
          -0.34657527017535344,
          2.2858473193918534
        ],
        [
          -0.34855826117293515,
          -0.14124184526885228,
          0.926583984166114,
          0.040581293675964296
        ],
        [
          -0.012617087528599838,
          0.9891982140678917,
          0.14604007117967563,
          0.3159616365308024
        ],
        [
          0.0,
          0.0,
          0.0,
          1.0
        ]
      ]
    },
    {
      "file_path": "./images\\images/0043.jpg",
      "sharpness": 675.2900671752888,
      "transform_matrix": [
        [
          0.02971018337898933,
          0.09008763603532939,
          -0.9954905940490489,
          1.1628040329899858
        ],
        [
          -0.9995449689358779,
          -0.0025149499538245934,
          -0.030058777448603854,
          1.9887315239070935
        ],
        [
          -0.005211533225993261,
          0.9959306666948616,
          0.0899719237381228,
          0.6422558671520977
        ],
        [
          0.0,
          0.0,
          0.0,
          1.0
        ]
      ]
    },
    {
      "file_path": "./images\\images/0048.jpg",
      "sharpness": 320.51013451958994,
      "transform_matrix": [
        [
          0.17224314095920554,
          -0.24049800496481047,
          0.9552449999887092,
          1.1638549061195316
        ],
        [
          0.9850261511537461,
          0.03469881974137583,
          -0.16887709569918738,
          1.9897998923358655
        ],
        [
          0.00746873053644719,
          0.9700292271470351,
          0.24287345789047377,
          0.642760975464062
        ],
        [
          0.0,
          0.0,
          0.0,
          1.0
        ]
      ]
    },
    {
      "file_path": "./images\\images/0049.jpg",
      "sharpness": 275.55534396602377,
      "transform_matrix": [
        [
          0.5883021221200111,
          -0.2527449783785661,
          0.768127976978111,
          2.4310407848521787
        ],
        [
          0.8085604412265895,
          0.1704328020092018,
          -0.5631897308037099,
          0.9457530521507304
        ],
        [
          0.011429172916975035,
          0.9524036097719296,
          0.30462557033645143,
          1.0971927814274498
        ],
        [
          0.0,
          0.0,
          0.0,
          1.0
        ]
      ]
    },
    {
      "file_path": "./images\\images/0045.jpg",
      "sharpness": 684.3688407728058,
      "transform_matrix": [
        [
          -0.9836547527858086,
          0.012248805640113167,
          -0.1796476943499592,
          1.162784139963552
        ],
        [
          -0.17964749146599923,
          -0.13464084574939977,
          0.9744735098841117,
          1.9887400957848467
        ],
        [
          -0.01225178088019888,
          0.9908187570989959,
          0.13464057504719895,
          0.6419992575801062
        ],
        [
          0.0,
          0.0,
          0.0,
          1.0
        ]
      ]
    },
    {
      "file_path": "./images\\images/0044.jpg",
      "sharpness": 615.2423759775696,
      "transform_matrix": [
        [
          -0.4406163952175162,
          0.07025122303259224,
          -0.8949424327468898,
          1.1627184132050965
        ],
        [
          -0.8976394836882415,
          -0.04561524435655689,
          0.43836355551778905,
          1.9885507741886075
        ],
        [
          -0.010027441846760578,
          0.9964858328885998,
          0.08315909610679581,
          0.6420207978671599
        ],
        [
          0.0,
          0.0,
          0.0,
          1.0
        ]
      ]
    },
    {
      "file_path": "./images\\images/0041.jpg",
      "sharpness": 702.5067628751858,
      "transform_matrix": [
        [
          -0.7605851517296129,
          0.07884564432816485,
          -0.6444327671230677,
          1.510235541820017
        ],
        [
          -0.6491207552155491,
          -0.11122966169219965,
          0.7525092740347019,
          1.5804688789840946
        ],
        [
          -0.012347960096281321,
          0.9906620648501966,
          0.1357799733067501,
          0.5679694580690647
        ],
        [
          0.0,
          0.0,
          0.0,
          1.0
        ]
      ]
    },
    {
      "file_path": "./images\\images/0042.jpg",
      "sharpness": 595.5082785369237,
      "transform_matrix": [
        [
          -0.28848219115707113,
          0.09401722761502498,
          -0.9528582194113534,
          1.1628139570142977
        ],
        [
          -0.9574461849545494,
          -0.03731621051885496,
          0.2861892788846061,
          1.9887453506550248
        ],
        [
          -0.008650335336301503,
          0.994870977236279,
          0.10078149807616694,
          0.6424348380634834
        ],
        [
          0.0,
          0.0,
          0.0,
          1.0
        ]
      ]
    },
    {
      "file_path": "./images\\images/0047.jpg",
      "sharpness": 269.2148955602981,
      "transform_matrix": [
        [
          -0.21969880527788638,
          -0.22558675031833042,
          0.9491275220133807,
          1.163335748569192
        ],
        [
          0.9755634212772408,
          -0.053700380257993896,
          0.21305464140917346,
          1.9891710326431862
        ],
        [
          0.0029062046497133525,
          0.9727419427802674,
          0.23187209132101474,
          0.6418259093214478
        ],
        [
          0.0,
          0.0,
          0.0,
          1.0
        ]
      ]
    },
    {
      "file_path": "./images\\images/0046.jpg",
      "sharpness": 597.5911631830215,
      "transform_matrix": [
        [
          -0.9959819228282205,
          -0.025115827897747207,
          0.08596048273123452,
          1.1629403653033807
        ],
        [
          0.08888899387259051,
          -0.1604478481405206,
          0.9830336895525987,
          1.9887768733110465
        ],
        [
          -0.010897530485143692,
          0.9867247251482993,
          0.16203567697675392,
          0.6419261748111763
        ],
        [
          0.0,
          0.0,
          0.0,
          1.0
        ]
      ]
    },
    {
      "file_path": "./images\\images/0050.jpg",
      "sharpness": 476.1307275764735,
      "transform_matrix": [
        [
          0.9828739867842873,
          -0.08582785469912599,
          0.16307147348166637,
          1.8626049965368072
        ],
        [
          0.183853809312291,
          0.39664299757191857,
          -0.8993731757610531,
          0.21686834817573267
        ],
        [
          0.01251011218927356,
          0.913951810456885,
          0.4056298623851182,
          1.1092397568384635
        ],
        [
          0.0,
          0.0,
          0.0,
          1.0
        ]
      ]
    },
    {
      "file_path": "./images\\images/0051.jpg",
      "sharpness": 543.2624047498168,
      "transform_matrix": [
        [
          0.9939221884101606,
          0.0333301584582043,
          -0.10491798666617763,
          1.862382861070728
        ],
        [
          -0.10954389659759621,
          0.39381915992081046,
          -0.9126371699626759,
          0.21678384704948017
        ],
        [
          0.01090037187975386,
          0.9185834582763462,
          0.39507671669807,
          1.1094817995970976
        ],
        [
          0.0,
          0.0,
          0.0,
          1.0
        ]
      ]
    },
    {
      "file_path": "./images\\images/0052.jpg",
      "sharpness": 498.2368228220381,
      "transform_matrix": [
        [
          0.5989434961785323,
          0.22528048748085536,
          -0.7684499920936952,
          1.8611082483737542
        ],
        [
          -0.8007876388987373,
          0.17139275375330545,
          -0.5739021531130934,
          0.21722530184840036
        ],
        [
          0.0024178034470141636,
          0.9591002168304071,
          0.2830564048124217,
          1.1097618592987588
        ],
        [
          0.0,
          0.0,
          0.0,
          1.0
        ]
      ]
    },
    {
      "file_path": "./images\\images/0053.jpg",
      "sharpness": 605.3665174544506,
      "transform_matrix": [
        [
          0.5788202599666367,
          0.2741356974994662,
          -0.7679952643158758,
          0.7868557059640933
        ],
        [
          -0.8154525899365188,
          0.19694566946096737,
          -0.5442880458419004,
          0.5200300191046568
        ],
        [
          0.002044558386052014,
          0.941308675536304,
          0.3375408081166942,
          1.3265853875817109
        ],
        [
          0.0,
          0.0,
          0.0,
          1.0
        ]
      ]
    },
    {
      "file_path": "./images\\images/0058.jpg",
      "sharpness": 521.8535340408504,
      "transform_matrix": [
        [
          0.9814006043860893,
          0.08522394013407661,
          -0.1720166670460076,
          0.4255176138403789
        ],
        [
          -0.1917087467832459,
          0.48190842844181886,
          -0.8549924110794981,
          -5.279421608262606
        ],
        [
          0.010030459625012407,
          0.8720671686441608,
          0.4892833976905859,
          3.1641725240218164
        ],
        [
          0.0,
          0.0,
          0.0,
          1.0
        ]
      ]
    },
    {
      "file_path": "./images\\images/0061.jpg",
      "sharpness": 498.42614441752414,
      "transform_matrix": [
        [
          0.3928181061522793,
          -0.46983661755546197,
          0.7905362030204277,
          4.604778324518188
        ],
        [
          0.9195659454499232,
          0.19169590645094353,
          -0.3430031361645839,
          -3.3798594442896075
        ],
        [
          0.009612879286195704,
          0.8616880132953363,
          0.5073473763585866,
          3.2222223577099416
        ],
        [
          0.0,
          0.0,
          0.0,
          1.0
        ]
      ]
    },
    {
      "file_path": "./images\\images/0060.jpg",
      "sharpness": 547.7512388776883,
      "transform_matrix": [
        [
          0.7868110418893938,
          -0.3182261357339261,
          0.5288293778713081,
          3.3014497103970597
        ],
        [
          0.6170632554115287,
          0.387962273050504,
          -0.6846299829180814,
          -4.844389605352716
        ],
        [
          0.012701306376768496,
          0.8649956076350166,
          0.501618655545652,
          3.198623677038083
        ],
        [
          0.0,
          0.0,
          0.0,
          1.0
        ]
      ]
    },
    {
      "file_path": "./images\\images/0062.jpg",
      "sharpness": 500.6043109090721,
      "transform_matrix": [
        [
          0.1456893927386776,
          -0.5047832773309894,
          0.8508633519980728,
          5.143847326089153
        ],
        [
          0.9893045696004219,
          0.06812037933249854,
          -0.12898093846503283,
          -1.8189563434020508
        ],
        [
          0.007146286533376009,
          0.860554156837061,
          0.509308819619505,
          3.2373790359476047
        ],
        [
          0.0,
          0.0,
          0.0,
          1.0
        ]
      ]
    },
    {
      "file_path": "./images\\images/0055.jpg",
      "sharpness": 519.3833219146627,
      "transform_matrix": [
        [
          0.5751071810914198,
          0.3374143185838327,
          -0.7452538546526707,
          -2.911207075244025
        ],
        [
          -0.8180756023763661,
          0.23943881956726404,
          -0.5228970840239792,
          -0.7156648567621976
        ],
        [
          0.0020097399405649367,
          0.910395864062247,
          0.4137334064910663,
          2.929562687362529
        ],
        [
          0.0,
          0.0,
          0.0,
          1.0
        ]
      ]
    },
    {
      "file_path": "./images\\images/0059.jpg",
      "sharpness": 583.2447568723816,
      "transform_matrix": [
        [
          0.953344684306758,
          -0.15879289849324912,
          0.2567464280085246,
          1.9625206785307496
        ],
        [
          0.30161585702881194,
          0.4651859808710217,
          -0.8322438813171539,
          -5.418681417395298
        ],
        [
          0.012719579219346017,
          0.8708540742234104,
          0.4913770382465441,
          3.178883994315621
        ],
        [
          0.0,
          0.0,
          0.0,
          1.0
        ]
      ]
    },
    {
      "file_path": "./images\\images/0056.jpg",
      "sharpness": 612.1606567190667,
      "transform_matrix": [
        [
          0.5748679199197749,
          0.33764885825646046,
          -0.7453322233529119,
          -2.7066302353136207
        ],
        [
          -0.8182436039671279,
          0.2395210180865621,
          -0.5225964853131545,
          -1.8323534422140384
        ],
        [
          0.0020686263553848466,
          0.9102872790584783,
          0.41397196809964093,
          3.1472487276529306
        ],
        [
          0.0,
          0.0,
          0.0,
          1.0
        ]
      ]
    },
    {
      "file_path": "./images\\images/0054.jpg",
      "sharpness": 571.941874932466,
      "transform_matrix": [
        [
          0.5751619323449023,
          0.3373245350554989,
          -0.7452522456415984,
          -1.6004410143693644
        ],
        [
          -0.8180372478523683,
          0.23934606626413635,
          -0.5229995427244721,
          0.19012103746674833
        ],
        [
          0.0019526157850594905,
          0.9104535235893579,
          0.4136067802615116,
          2.205360983739042
        ],
        [
          0.0,
          0.0,
          0.0,
          1.0
        ]
      ]
    },
    {
      "file_path": "./images\\images/0063.jpg",
      "sharpness": 552.4078168293134,
      "transform_matrix": [
        [
          -0.24200784780221182,
          -0.49240023248947845,
          0.8360467765917317,
