{
  "camera_angle_x": 1.5668055982356839,
  "camera_angle_y": 0.29993646274215907,
  "fl_x": 514.0473409304265,
  "fl_y": 3388.423363127652,
  "k1": -0.002778934655381008,
  "k2": 0.0024252976447222204,
  "p1": 0.0003452440539845163,
  "p2": -1.0390253602247323e-05,
  "cx": 511.11563760113177,
  "cy": 508.9386777443247,
  "w": 1024.0,
  "h": 1024.0,
  "aabb_scale": 8,
  "frames": [
    {
      "file_path": "./images/IMG_20220524_144506_00_011(1)_1.jpg",
      "sharpness": 630.7423295153552,
      "transform_matrix": [
        [
          0.6549690767014876,
          0.0005600321809949392,
          -0.755655473694458,
          -0.20236099371064295
        ],
        [
          -0.7556551697133211,
          0.001648945481939628,
          -0.654967591155722,
          -2.9652087783004677
        ],
        [
          0.0008792317506954588,
          0.9999984836680466,
          0.0015031995126117755,
          -0.12810285267076263
        ],
        [
          0.0,
          0.0,
          0.0,
          1.0
        ]
      ]
    },
    {
      "file_path": "./images/IMG_20220524_143930_00_002(1)_2.jpg",
      "sharpness": 144.2634309523528,
      "transform_matrix": [
        [
          0.9820363600605877,
          0.0011408737074605785,
          -0.18868833011549552,
          3.5197805926323706
        ],
        [
          -0.18868851734774159,
          5.7792058725959423e-05,
          -0.9820369850882342,
          0.09799106023884371
        ],
        [
          -0.0011094754889861206,
          0.9999993475312374,
          0.00027202367133341164,
          4.914633013813804e-05
        ],
        [
          0.0,
          0.0,
          0.0,
          1.0
        ]
      ]
    },
    {
      "file_path": "./images/IMG_20220524_143930_00_002(1)_3.jpg",
      "sharpness": 149.90559965721332,
      "transform_matrix": [
        [
          0.32473292745907073,
          -1.1338239082749069e-05,
          -0.9458057547355826,
          3.515064356781225
        ],
        [
          -0.9458056774002662,
          -0.0004084682802620894,
          -0.32473289601007105,
          0.10901822365154452
        ],
        [
          -0.0003826497508858455,
          0.9999999165103701,
          -0.00014336687131983616,
          -0.0024132587892102112
        ],
        [
          0.0,
          0.0,
          0.0,
          1.0
        ]
      ]
    },
    {
      "file_path": "./images/IMG_20220524_144506_00_011(1)_4.jpg",
      "sharpness": 300.41035174570266,
      "transform_matrix": [
        [
          -0.6145719673692421,
          -0.004302525712265098,
          0.7888490256012446,
          -0.008457070856310022
        ],
        [
          0.7888435405180196,
          0.0032551021383393254,
          0.6145854479997586,
          -3.2214541116698086
        ],
        [
          -0.005212053842464416,
          0.9999854461831947,
          0.0013935250908859603,
          -0.091953270812307
        ],
        [
          0.0,
          0.0,
          0.0,
          1.0
        ]
      ]
    },
    {
      "file_path": "./images/IMG_20220524_143958_00_003(1)_2.jpg",
      "sharpness": 192.0557305851674,
      "transform_matrix": [
        [
          0.9345598793632302,
          0.00029834509725903155,
          -0.3558057656509048,
          2.2706539754313066
        ],
        [
          -0.35580398956981946,
          -0.0024853900556217373,
          -0.9345572983196221,
          2.0797705722736177
        ],
        [
          -0.0011631366997429762,
          0.9999968669061485,
          -0.0022165934546790503,
          -0.15362188287341833
        ],
        [
          0.0,
          0.0,
          0.0,
          1.0
        ]
      ]
    },
    {
      "file_path": "./images/IMG_20220524_144506_00_011(1)_5.jpg",
      "sharpness": 586.5960574937407,
      "transform_matrix": [
        [
          0.321957246722001,
          0.004575164218075972,
          0.9467431537387557,
          -0.0888837848801576
        ],
        [
          0.946750758329195,
          0.00114382307413413,
          -0.32196536036019385,
          -2.9056065162305176
        ],
        [
          -0.0025559510607048087,
          0.9999888797065651,
          -0.0039632780652587435,
          -0.1404942672993425
        ],
        [
          0.0,
          0.0,
          0.0,
          1.0
        ]
      ]
    },
    {
      "file_path": "./images/IMG_20220524_143930_00_002(1)_1.jpg",
      "sharpness": 278.6842189741874,
      "transform_matrix": [
        [
          0.6591123314311633,
          0.0036275559618273606,
          0.7520357540627699,
          3.493123131535114
        ],
        [
          0.7520418700471565,
          -0.0005331387928062491,
          -0.6591151200351902,
          0.11043485824806286
        ],
        [
          -0.001990037549146069,
          0.9999932782756142,
          -0.0030794723219363103,
          -0.007618763703568285
        ],
        [
          0.0,
          0.0,
          0.0,
          1.0
        ]
      ]
    },
    {
      "file_path": "./images/IMG_20220524_143930_00_002(1)_4.jpg",
      "sharpness": 336.01855373214335,
      "transform_matrix": [
        [
          -0.6603550822259697,
          0.001952469904573931,
          -0.750950965932692,
          3.5301794408738343
        ],
        [
          -0.7509503001939392,
          0.0012042093439281157,
          0.660357627743095,
          0.13001897484087596
        ],
        [
          0.002193630564432241,
          0.999997368864922,
          0.0006710021006325095,
          0.00276892106673488
        ],
        [
          0.0,
          0.0,
          0.0,
          1.0
        ]
      ]
    },
    {
      "file_path": "./images/IMG_20220524_143958_00_003(1)_3.jpg",
      "sharpness": 126.19964678856772,
      "transform_matrix": [
        [
          0.1543919662469005,
          -0.0005512924912851395,
          -0.9880095226416814,
          2.2826375942185284
        ],
        [
          -0.9880094995166918,
          -0.0006846131029882834,
          -0.15439158063079333,
          2.1056568256625137
        ],
        [
          -0.0005912893459583005,
          0.9999996136884889,
          -0.0006503809814906662,
          -0.15099375027475376
        ],
        [
          0.0,
          0.0,
          0.0,
          1.0
        ]
      ]
    },
    {
      "file_path": "./images/IMG_20220524_143958_00_003(1)_1.jpg",
      "sharpness": 234.49209307543634,
      "transform_matrix": [
        [
          0.7766064962455803,
          0.003378282760393079,
          0.62997693385583,
          2.2741791218255187
        ],
        [
          0.6299843278178421,
          -0.0018660969133301709,
          -0.7766056041429342,
          2.070394437000663
        ],
        [
          -0.001447995312363183,
          0.9999925524140365,
          -0.0035774881795008987,
          -0.15312948973476231
        ],
        [
          0.0,
          0.0,
          0.0,
          1.0
        ]
      ]
    },
    {
      "file_path": "./images/IMG_20220524_143930_00_002(1)_5.jpg",
      "sharpness": 361.6210021933024,
      "transform_matrix": [
        [
          -0.9812081976804755,
          0.0024165354991179376,
          0.1929368631352054,
          3.503702786583947
        ],
        [
          0.1929409416489687,
          0.001584645621292983,
          0.9812090918524267,
          0.1594155868480479
        ],
        [
          0.002065390047165489,
          0.9999958246163206,
          -0.002021115908759131,
          -0.002633390520854724
        ],
        [
          0.0,
          0.0,
          0.0,
          1.0
        ]
      ]
    },
    {
      "file_path": "./images/IMG_20220524_143930_00_002(1)_0.jpg",
      "sharpness": 308.5852205588002,
      "transform_matrix": [
        [
          -0.3301339133205452,
          0.005058396160167644,
          0.9439205538071455,
          3.521168708828325
        ],
        [
          0.9439339067469128,
          0.001116976550193015,
          0.3301325976890146,
          0.23293884775758852
        ],
        [
          0.0006156043406485056,
          0.9999865824036399,
          -0.005143543488943155,
          -0.019433428654566837
        ],
        [
          0.0,
          0.0,
          0.0,
          1.0
        ]
      ]
    },
    {
      "file_path": "./images/IMG_20220524_143958_00_003(1)_4.jpg",
      "sharpness": 334.0857567570986,
      "transform_matrix": [
        [
          -0.7758309198703495,
          0.0011216403682561267,
          -0.6309398748626127,
          2.2800002130773995
        ],
        [
          -0.630937372877726,
          0.0019511403526945223,
          0.7758313119212685,
          2.1009984408551854
        ],
        [
          0.002101255968376498,
          0.9999974674817167,
          -0.0008060701873660127,
          -0.14916069588625866
        ],
        [
          0.0,
          0.0,
          0.0,
          1.0
        ]
      ]
    },
    {
      "file_path": "./images/IMG_20220524_143958_00_003(1)_5.jpg",
      "sharpness": 410.41005441253793,
      "transform_matrix": [
        [
          -0.9335800332246494,
          0.00219378604817918,
          0.35836225926103826,
          2.2881317900831597
        ],
        [
          0.3583661976647807,
          0.0017787142675940262,
          0.9335794045215658,
          2.1241875057540263
        ],
        [
          0.0014106494089920288,
          0.9999960117290306,
          -0.002446750889613621,
          -0.14740287421266876
        ],
        [
          0.0,
          0.0,
          0.0,
          1.0
        ]
      ]
    },
    {
      "file_path": "./images/IMG_20220524_143958_00_003(1)_0.jpg",
      "sharpness": 281.1071005073303,
      "transform_matrix": [
        [
          -0.15487175141186565,
          0.004249150773473445,
          0.987925445227505,
          2.2861264853193783
        ],
        [
          0.9879344716744242,
          0.00019102990926644475,
          0.15487234480355253,
          2.0673462794097137
        ],
        [
          0.0004693526355478426,
          0.9999909540695441,
          -0.004227467661076629,
          -0.15354533531134437
        ],
        [
          0.0,
          0.0,
          0.0,
          1.0
        ]
      ]
    },
    {
      "file_path": "./images/IMG_20220524_144031_00_004(1)_2.jpg",
      "sharpness": 134.02003336554844,
      "transform_matrix": [
        [
          0.9122766753760309,
          0.004523789413459652,
          0.40954951213478125,
          0.6712823279069463
        ],
        [
          0.4095642822057725,
          -0.0030142622844657042,
          -0.9122762810487571,
          2.958230209457628
        ],
        [
          -0.002892456134309538,
          0.9999852246647758,
          -0.004602623739557423,
          -0.14817675768939303
        ],
        [
          0.0,
          0.0,
          0.0,
          1.0
        ]
      ]
    },
    {
      "file_path": "./images/IMG_20220524_144031_00_004(1)_3.jpg",
      "sharpness": 99.28613239688275,
      "transform_matrix": [
        [
          0.8168131761751737,
          0.001749597489002623,
          -0.5768996222315366,
          0.7059590802395834
        ],
        [
          -0.5768969155728388,
          -0.0018333743038876512,
          -0.8168149040885617,
          2.9979025819291674
        ],
        [
          -0.0024867702484950888,
          0.9999967888163075,
          -0.00048818689337680205,
          -0.14490403150210637
        ],
        [
          0.0,
          0.0,
          0.0,
          1.0
        ]
      ]
    },
    {
      "file_path": "./images/IMG_20220524_144031_00_004(1)_4.jpg",
      "sharpness": 216.904500003044,
      "transform_matrix": [
        [
          -0.10625734923426657,
          0.00013368510722604576,
          -0.9943386535067604,
          0.7215932741850898
        ],
        [
          -0.9943377759284935,
          -0.001349661854881064,
          0.10625707399723436,
          3.078263409723183
        ],
        [
          -0.0013278159631410253,
          0.9999990802679812,
          0.00027633964325620477,
          -0.1463273311366455
        ],
        [
          0.0,
          0.0,
          0.0,
          1.0
        ]
      ]
    },
    {
      "file_path": "./images/IMG_20220524_144031_00_004(1)_1.jpg",
      "sharpness": 554.2228879168964,
      "transform_matrix": [
        [
          0.09098353605511744,
          0.005004254980556001,
          0.9958398232620723,
          0.6804362586785899
        ],
        [
          0.9958522999447527,
          -0.0008981846630776203,
          -0.09098016244796042,
          2.9787797664477638
        ],
        [
          0.0004391601250739181,
          0.9999870752624952,
          -0.005065218848573984,
          -0.14622379505574365
        ],
        [
          0.0,
          0.0,
          0.0,
          1.0
        ]
      ]
    },
    {
      "file_path": "./images/IMG_20220524_144031_00_004(1)_0.jpg",
      "sharpness": 454.317333060535,
      "transform_matrix": [
        [
          -0.8148369517810867,
          0.004004224895692824,
          0.5796763822950962,
          0.6853486110022641
        ],
        [
          0.5796861229649437,
          0.0018724997567094875,
          0.8148377093547727,
          2.9698622873452094
        ],
        [
          0.002177349556929927,
          0.9999902299139148,
          -0.003846975599231889,
          -0.1480671039915114
        ],
        [
          0.0,
          0.0,
          0.0,
          1.0
        ]
      ]
    },
    {
      "file_path": "./images/IMG_20220524_144059_00_005(1)_4.jpg",
      "sharpness": 145.93825038655487,
      "transform_matrix": [
        [
          0.5495113791787234,
          0.00309292463635469,
          -0.8354805072327716,
          -1.089955489315083
        ],
        [
          -0.8354831910210465,
          -0.0006638650565845331,
          -0.549515601966382,
          2.640618289857576
        ],
        [
          -0.0022542566575924805,
          0.9999949965354922,
          0.0022192851419369237,
          -0.13584054344307211
        ],
        [
          0.0,
          0.0,
          0.0,
          1.0
        ]
      ]
    },
    {
      "file_path": "./images/IMG_20220524_144031_00_004(1)_5.jpg",
      "sharpness": 372.63105907611316,
      "transform_matrix": [
        [
          -0.9100661076395309,
          0.0027259424899239776,
          -0.41445415784983186,
          0.6766109662373532
        ],
        [
          -0.41445205041363736,
          0.0013238168075925087,
          0.9100701870828374,
          3.046128148594799
        ],
        [
          0.0030294603719203993,
          0.9999954083605787,
          -7.498835505484702e-05,
          -0.14393368177092616
        ],
        [
          0.0,
          0.0,
          0.0,
          1.0
        ]
      ]
    },
    {
      "file_path": "./images/IMG_20220524_144059_00_005(1)_3.jpg",
      "sharpness": 216.5541610866626,
      "transform_matrix": [
        [
          0.9987166430721418,
          0.004566040477890025,
          0.050440243067466965,
          -1.091740640081121
        ],
        [
          0.05045162885037145,
          -0.0024136472038668627,
          -0.9987235891143854,
          2.6659051359197568
        ],
        [
          -0.004438467382477768,
          0.9999866626996423,
          -0.002640913812512657,
          -0.1387158832823401
        ],
        [
          0.0,
          0.0,
          0.0,
          1.0
        ]
      ]
    },
    {
      "file_path": "./images/IMG_20220524_144059_00_005(1)_5.jpg",
      "sharpness": 485.3721996759996,
      "transform_matrix": [
        [
          -0.4443173526037021,
          0.0022735478467558142,
          -0.895866575529562,
          -1.0545937295936005
        ],
        [
          -0.8958678427745782,
          0.0007727744795323708,
          0.44431994227361304,
          2.6289126632955053
        ],
        [
          0.0017024854746621584,
          0.9999971168935594,
          0.0016934412940124153,
          -0.13821664665335878
        ],
        [
          0.0,
          0.0,
          0.0,
          1.0
        ]
      ]
    },
    {
      "file_path": "./images/IMG_20220524_144059_00_005(1)_2.jpg",
      "sharpness": 761.1516723269015,
      "transform_matrix": [
        [
          0.41571339880791414,
          0.004965982249770119,
          0.9094821103614439,
          -0.9423973938131485
        ],
        [
          0.9094955383885786,
          -0.0017360618327356117,
          -0.4157100573002564,
          2.748642174267214
        ],
        [
          -0.00048549158624966595,
          0.9999861624568844,
          -0.005238242864910051,
          -0.13855536945100386
        ],
        [
          0.0,
          0.0,
          0.0,
          1.0
        ]
      ]
    },
    {
      "file_path": "./images/IMG_20220524_144059_00_005(1)_1.jpg",
      "sharpness": 959.5015523472523,
      "transform_matrix": [
        [
          -0.5546622239634735,
          0.005545494915770787,
          0.8320571283209295,
          -0.9881555612653896
        ],
        [
          0.8320726435866717,
          0.0010273781815479015,
          0.5546657194101329,
          2.569650665058305
        ],
        [
          0.002221058587502928,
          0.9999840958614543,
          -0.0051841024815907875,
          -0.14051562287249308
        ],
        [
          0.0,
          0.0,
          0.0,
          1.0
        ]
      ]
    },
    {
      "file_path": "./images/IMG_20220524_144059_00_005(1)_0.jpg",
      "sharpness": 681.5613936664886,
      "transform_matrix": [
        [
          -0.9978533362631218,
          0.003546223033076645,
          -0.0653922289450027,
          -1.0215885268766731
        ],
        [
          -0.0653852360721862,
          0.0020533768047713576,
          0.9978579831556601,
          2.5915293717173875
        ],
        [
          0.0036729018497340107,
          0.9999916039355211,
          -0.0018170982650640688,
          -0.1402536097287804
        ],
        [
          0.0,
          0.0,
          0.0,
          1.0
        ]
      ]
    },
    {
      "file_path": "./images/IMG_20220524_144240_00_006(1)_4.jpg",
      "sharpness": 423.6586488300485,
      "transform_matrix": [
        [
          0.7517530812704446,
          0.0032459641315079057,
          -0.659436705463752,
          -3.179339908311029
        ],
        [
          -0.6594373638842661,
          -0.0010147210662362096,
          -0.7517588266555484,
          2.259381267908592
        ],
        [
          -0.0031093265037518735,
          0.9999942170101054,
          0.0013776903419713614,
          -0.1325702842711316
        ],
        [
          0.0,
          0.0,
          0.0,
          1.0
        ]
      ]
    },
    {
      "file_path": "./images/IMG_20220524_144240_00_006(1)_2.jpg",
      "sharpness": 724.3593834928246,
      "transform_matrix": [
        [
          0.15938870686871048,
          0.006790310507195923,
          0.9871925505196921,
          -3.0532136323190278
        ],
        [
          0.9872154649408201,
          -0.0020388813560930077,
          -0.15937838229978274,
          2.3286134926764577
        ],
        [
          0.0009305397821783977,
          0.9999748670050016,
          -0.0070284742072603745,
          -0.13898124752473
        ],
        [
          0.0,
          0.0,
          0.0,
          1.0
        ]
      ]
    },
    {
      "file_path": "./images/IMG_20220524_144240_00_006(1)_0.jpg",
      "sharpness": 703.0741253993426,
      "transform_matrix": [
        [
          -0.9437138074305352,
          0.003101199927554485,
          -0.33074859367744913,
          -3.059364407948996
        ],
        [
          -0.3307430592605747,
          0.0021687054147699926,
          0.9437183507105176,
          2.2027421510667375
        ],
        [
          0.0036439555468911725,
          0.9999928396101002,
          -0.001020936892749757,
          -0.1368078756593702
        ],
        [
          0.0,
          0.0,
          0.0,
          1.0
        ]
      ]
    },
    {
      "file_path": "./images/IMG_20220524_144240_00_006(1)_3.jpg",
      "sharpness": 382.2425576773879,
      "transform_matrix": [
        [
          0.9423995675636924,
          0.005503154334194868,
          0.33444397190527714,
          -3.121133296276745
        ],
        [
          0.33445716835483535,
          -0.001656454800971,
          -0.9424094962878703,
          2.2502325591590444
        ],
        [
          -0.004632233581164717,
          0.9999834855863896,
          -0.003401611703758344,
          -0.13380189768937176
        ],
        [
          0.0,
          0.0,
          0.0,
          1.0
        ]
      ]
    },
    {
      "file_path": "./images/IMG_20220524_144240_00_006(1)_5.jpg",
      "sharpness": 706.6190699723327,
      "transform_matrix": [
        [
          -0.18567899625663556,
          0.0021268785997250765,
          -0.9826081552339109,
          -3.1248926753275557
        ],
        [
          -0.9826098870731323,
          0.0006752058353789076,
          0.18568078501343638,
          2.2272622925300225
        ],
        [
          0.001058383248330077,
          0.9999975102369709,
          0.0019645203989143833,
          -0.13523053060904106
        ],
        [
          0.0,
          0.0,
          0.0,
          1.0
        ]
      ]
    },
    {
      "file_path": "./images/IMG_20220524_144240_00_006(1)_1.jpg",
      "sharpness": 884.0646100544836,
      "transform_matrix": [
        [
          -0.7561378934041002,
          0.003339758719789011,
          0.6544037990153646,
          -2.993336592899445
        ],
        [
          0.654409625830878,
          0.0009888181159728208,
          0.7561395796138595,
          2.223618677278532
        ],
        [
          0.0018782374227651756,
          0.9999939341046353,
          -0.002933253101354061,
          -0.13027600016496488
        ],
        [
          0.0,
          0.0,
          0.0,
          1.0
        ]
      ]
    },
    {
      "file_path": "./images/IMG_20220524_144300_00_007(1)_0.jpg",
      "sharpness": 598.8758010105001,
      "transform_matrix": [
        [
          -0.4603555274383894,
          0.00251800920591088,
          -0.8877310673746859,
          -4.2748213874249865
        ],
        [
          -0.887728187008957,
          0.0025066525591327044,
          0.4603611437586118,
          0.6612384783982164
        ],
        [
          0.0033844269498842236,
          0.999993688139193,
          0.0010813563862708208,
          -0.1307782431954709
        ],
        [
          0.0,
          0.0,
          0.0,
          1.0
        ]
      ]
    },
    {
      "file_path": "./images/IMG_20220524_144300_00_007(1)_2.jpg",
      "sharpness": 496.43591111030685,
      "transform_matrix": [
        [
          -0.5552787424861512,
          0.016528635565135775,
          0.8315000435027002,
          -4.337528018437856
        ],
        [
          0.8316375089764055,
          0.003009400502603374,
          0.5553107212832598,
          0.7214250386320521
        ],
        [
          0.0066762118886719525,
          0.9998588638956041,
          -0.01541688943489116,
          -0.15331754444995574
        ],
        [
          0.0,
          0.0,
          0.0,
          1.0
        ]
      ]
    },
    {
      "file_path": "./images/IMG_20220524_144300_00_007(1)_1.jpg",
      "sharpness": 636.5572206465877,
      "transform_matrix": [
        [
          -0.9987283097761234,
          0.003595923246800376,
          -0.05028749927535953,
          -4.291084092399922
        ],
        [
          -0.050278847627202826,
          0.002457248371955911,
          0.998732196042422,
          0.7133684192701812
        ],
        [
          0.0037149331968010717,
          0.9999905155860633,
          -0.0022733246362186665,
          -0.12837469327032947
        ],
        [
          0.0,
          0.0,
          0.0,
          1.0
        ]
      ]
    },
    {
      "file_path": "./images/IMG_20220524_144326_00_008(1)_0.jpg",
      "sharpness": 224.26172155095117,
      "transform_matrix": [
        [
          -0.04930352434451667,
          0.0016387214802988312,
          -0.9987824973810653,
          -3.7791664192237295
        ],
        [
          -0.9987811595445943,
          0.0022366202515947484,
          0.04930712796954629,
          -1.3336919949610513
        ],
        [
          0.00231469781031641,
          0.9999961560513113,
          0.0015264508792395845,
          0.017684595007514275
        ],
        [
          0.0,
          0.0,
          0.0,
          1.0
        ]
      ]
    },
    {
      "file_path": "./images/IMG_20220524_144326_00_008(1)_1.jpg",
      "sharpness": 380.9361235451635,
      "transform_matrix": [
        [
          -0.8884662349217178,
          0.0030977665717307947,
          -0.4589315343729747,
          -3.8012758715039903
        ],
        [
          -0.4589205681985331,
          0.0036647196979621003,
          0.88846974169854,
          -1.3277683989285032
        ],
        [
          0.0044341272998606705,
          0.9999884867674433,
          -0.001834350916846709,
          0.020493809222028304
        ],
        [
          0.0,
          0.0,
          0.0,
          1.0
        ]
      ]
    },
    {
      "file_path": "./images/IMG_20220524_144300_00_007(1)_4.jpg",
      "sharpness": 585.2699954406189,
      "transform_matrix": [
        [
          0.9988704084043891,
          0.005568761644174987,
          0.04719000003642248,
          -4.326036705707119
        ],
        [
          0.04719762160898874,
          -0.0012451692484932522,
          -0.9988847951931178,
          0.6714941924233286
        ],
        [
          -0.0055037917975393055,
          0.9999837190889318,
          -0.001506595020687468,
          -0.12979989839008632
        ],
        [
          0.0,
          0.0,
          0.0,
          1.0
        ]
      ]
    },
    {
      "file_path": "./images/IMG_20220524_144326_00_008(1)_2.jpg",
      "sharpness": 245.20725207193755,
      "transform_matrix": [
        [
          -0.8418565826337128,
          0.006024927897460245,
          0.5396676704377943,
          -3.795411402003476
        ],
        [
          0.5396910982771197,
          0.0032493811311309763,
          0.8418568524177379,
          -1.3709147630342884
        ],
        [
          0.00331854089039775,
          0.9999765706063988,
          -0.0059871128487491865,
          0.022864533936947793
        ],
        [
          0.0,
          0.0,
          0.0,
          1.0
        ]
      ]
    },
    {
      "file_path": "./images/IMG_20220524_144300_00_007(1)_3.jpg",
      "sharpness": 319.48194971824546,
      "transform_matrix": [
        [
          0.45918376048160797,
          0.009087997574221709,
          0.8882948172795442,
          -4.308080491215454
        ],
        [
          0.8883324870774588,
          -0.00024217284493499258,
          -0.45920075539472927,
          0.6613151133612877
        ],
        [
          -0.0039580944680664976,
          0.9999586739701009,
          -0.008184365325286089,
          -0.13446537509706716
        ],
        [
          0.0,
          0.0,
          0.0,
          1.0
        ]
      ]
    },
    {
      "file_path": "./images/IMG_20220524_144350_00_009(1)_0.jpg",
      "sharpness": 202.7203142324637,
      "transform_matrix": [
        [
          0.45840866174881567,
          0.001784876460232801,
          -0.8887397330182328,
          -3.3596161333038252
        ],
        [
          -0.8887412086105501,
          0.0017648563277739059,
          -0.4584058784522734,
          -2.6274688415321066
        ],
        [
          0.0007503000798795036,
          0.9999968497419393,
          0.0023953186898816093,
          0.022802082275560062
        ],
        [
          0.0,
          0.0,
          0.0,
          1.0
        ]
      ]
    },
    {
      "file_path": "./images/IMG_20220524_144326_00_008(1)_5.jpg",
      "sharpness": 311.40624118129784,
      "transform_matrix": [
        [
          0.8413700006196462,
          0.0033514463785086464,
          -0.5404491556660139,
          -3.80323886470346
        ],
        [
          -0.54045388259797,
          0.0006390623647332563,
          -0.8413733965274119,
          -1.392573975868452
        ],
        [
          -0.0024744371073273266,
          0.9999941796841143,
          0.0023489901097955347,
          0.02486868579527211
        ],
        [
          0.0,
          0.0,
          0.0,
          1.0
        ]
      ]
    },
    {
      "file_path": "./images/IMG_20220524_144300_00_007(1)_5.jpg",
      "sharpness": 894.4294686398046,
      "transform_matrix": [
        [
          0.5371040351617887,
          0.0034338050764814183,
          -0.8435090185595284,
          -4.363810013234447
        ],
        [
          -0.8435154628971994,
          0.0010498131931915922,
          -0.5371038649512608,
          0.6501879688098778
        ],
        [
          -0.0009587830818075622,
          0.9999935534145181,
          0.0034603265808162793,
          -0.12483446905321043
        ],
        [
          0.0,
          0.0,
          0.0,
          1.0
        ]
      ]
    },
    {
      "file_path": "./images/IMG_20220524_144326_00_008(1)_4.jpg",
      "sharpness": 311.72003257733587,
      "transform_matrix": [
        [
          0.8894994546559528,
          0.005128417533520631,
          0.4569074517842787,
          -3.794873626558262
        ],
        [
          0.4569111152967664,
          0.0005014725112566908,
          -0.8895122153425352,
          -1.3913124443911293
        ],
        [
          -0.004790916568701621,
          0.9999867238391524,
          -0.0018971714496606414,
          0.02457587941104988
        ],
        [
          0.0,
          0.0,
          0.0,
          1.0
        ]
      ]
    },
    {
      "file_path": "./images/IMG_20220524_144326_00_008(1)_3.jpg",
      "sharpness": 207.68477257698964,
      "transform_matrix": [
        [
          0.05190370120115771,
          0.006253692732536065,
          0.9986325135526416,
          -3.7849929972168987
        ],
        [
          0.9986491339131709,
          0.0021099015086253033,
          -0.05191777778466268,
          -1.3972312548024426
        ],
        [
          -0.0024316940765283655,
          0.9999782195820417,
          -0.006135733133638707,
          0.024132623633387952
        ],
        [
          0.0,
          0.0,
          0.0,
          1.0
        ]
      ]
    },
    {
      "file_path": "./images/IMG_20220524_144350_00_009(1)_3.jpg",
      "sharpness": 83.15660165785701,
      "transform_matrix": [
        [
          -0.45656623037165706,
          0.005600393347733092,
          0.8896718006513438,
          -3.350726055843808
        ],
        [
          0.8896893458868573,
          0.0033021196831940916,
          0.4565544478164831,
          -2.687236991703024
        ],
        [
          -0.000380918272084129,
          0.9999788655744616,
          -0.0064902466302457695,
          0.025077037634493305
        ],
        [
          0.0,
          0.0,
          0.0,
          1.0
        ]
      ]
    },
    {
      "file_path": "./images/IMG_20220524_144350_00_009(1)_1.jpg",
      "sharpness": 355.27611560636996,
      "transform_matrix": [
        [
          -0.540421740826957,
          0.0022492652544690616,
          -0.8413912780882712,
          -3.3659915566985203
        ],
        [
          -0.8413850539216544,
          0.0032394443455038453,
          0.5404264029797085,
          -2.6107309459031494
        ],
        [
          0.003941202548979276,
          0.9999922233706552,
          0.00014183201490635254,
          0.025794141304443963
        ],
        [
          0.0,
          0.0,
          0.0,
          1.0
        ]
      ]
    },
    {
      "file_path": "./images/IMG_20220524_144350_00_009(1)_5.jpg",
      "sharpness": 218.7346189877993,
      "transform_matrix": [
        [
          0.9989984459926307,
          0.003763356941883591,
          -0.04458634369933652,
          -3.3309543534080865
        ],
        [
          -0.04458893189311011,
          0.0006066161738892394,
          -0.9990052348058287,
          -2.6796495337063733
        ],
        [
          -0.0037325664881619866,
          0.9999927345520989,
          0.0007738126814004565,
          0.023736406442658904
        ],
        [
          0.0,
          0.0,
          0.0,
          1.0
        ]
      ]
    },
    {
      "file_path": "./images/IMG_20220524_144350_00_009(1)_2.jpg",
      "sharpness": 334.65131786329414,
      "transform_matrix": [
        [
          -0.9990629435299683,
          0.003378797001250338,
          0.043148795947262966,
          -3.3713837512809977
        ],
        [
          0.04316170141394012,
          0.003844588601863315,
          0.9990607021945844,
          -2.66269742929149
        ],
        [
          0.0032097339355591824,
          0.9999869013466853,
          -0.003986820632545613,
          0.027466198933383233
        ],
        [
          0.0,
          0.0,
          0.0,
          1.0
        ]
      ]
    },
    {
      "file_path": "./images/IMG_20220524_144350_00_009(1)_4.jpg",
      "sharpness": 242.82568747970643,
      "transform_matrix": [
        [
          0.5447647371328808,
          0.004396487474904345,
          0.8385773977815435,
          -3.3561542105051503
        ],
        [
          0.8385807944318613,
          0.0015467973757381096,
          -0.5447750532356509,
          -2.709549538404519
        ],
        [
          -0.0036922060164326924,
          0.9999891390967204,
          -0.002844169293623246,
          0.028538341556261643
        ],
        [
          0.0,
          0.0,
          0.0,
          1.0
        ]
      ]
    },
    {
      "file_path": "./images/IMG_20220524_144416_00_010(1)_0.jpg",
      "sharpness": 199.00531101530797,
      "transform_matrix": [
        [
          0.9206210747523366,
          0.00215215720429152,
          -0.390451283692164,
          -2.4201141326944553
        ],
        [
          -0.3904542425692603,
          0.0011724412003240128,
          -0.9206215888416348,
          -3.4188061559804246
        ],
        [
          -0.0015235412131317648,
          0.9999969967938095,
          0.0019196929890178411,
          0.02487800425276933
        ],
        [
          0.0,
          0.0,
          0.0,
          1.0
        ]
      ]
    },
    {
      "file_path": "./images/IMG_20220524_144416_00_010(1)_5.jpg",
      "sharpness": 303.1050214752161,
      "transform_matrix": [
        [
          0.7943894500181568,
          0.004038230979854649,
          0.6073953361576316,
          -2.3246900438627693
        ],
        [
          0.6073959359047678,
          0.0012167162512378537,
          -0.7943983236688853,
          -3.436349994408924
        ],
        [
          -0.003946991697413391,
          0.9999911061043274,
          -0.001486258531759472,
          0.022665710104551665
        ],
        [
          0.0,
          0.0,
          0.0,
          1.0
        ]
      ]
    },
    {
      "file_path": "./images/IMG_20220524_144416_00_010(1)_4.jpg",
      "sharpness": 138.94943028424166,
      "transform_matrix": [
        [
          -0.10294092845937462,
          0.003269563532412239,
          0.9946820975557307,
          -2.3561063536373066
        ],
        [
          0.9946842413898971,
          0.0028866863013065147,
          0.10293166166346715,
          -3.5508467493452316
        ],
        [
          -0.0025347935778634876,
          0.9999904884508372,
          -0.003549341489941024,
          0.028237386517912192
        ],
        [
          0.0,
          0.0,
          0.0,
          1.0
        ]
      ]
    },
    {
      "file_path": "./images/IMG_20220524_144416_00_010(1)_1.jpg",
      "sharpness": 408.1345688186324,
      "transform_matrix": [
        [
          0.12411354271934136,
          0.0008996850774217811,
          -0.9922676146463988,
          -2.4166709785205915
        ],
        [
          -0.9922644617482431,
          0.002791527991555248,
          -0.12411061728531082,
          -3.4115006764155114
        ],
        [
          0.0026582823510779728,
          0.9999956989576868,
          0.0012391919577230087,
          0.02457251038292579
        ],
        [
          0.0,
          0.0,
          0.0,
          1.0
        ]
      ]
    },
    {
      "file_path": "./images/IMG_20220524_144416_00_010(1)_2.jpg",
      "sharpness": 298.02747807126434,
      "transform_matrix": [
        [
          -0.7995848939043886,
          0.0017667693237860744,
          -0.6005504774469023,
          -2.403145651996973
        ],
        [
          -0.6005414226446628,
          0.003877429715999457,
          0.7995842452341848,
          -3.3899421424005416
        ],
        [
          0.003741273183472703,
          0.9999909219890913,
          -0.0020393160648976994,
          0.026025142313945076
        ],
        [
          0.0,
          0.0,
          0.0,
          1.0
        ]
      ]
    },
    {
      "file_path": "./images/IMG_20220524_144416_00_010(1)_3.jpg",
      "sharpness": 205.05397578583506,
      "transform_matrix": [
        [
          -0.9210427570793434,
          0.0026116081797312603,
          0.38945271745108684,
          -2.3993242505904706
        ],
        [
          0.3894605093528426,
          0.00395071355575262,
          0.9210346918097192,
          -3.4771012428121684
        ],
        [
          0.0008667656047878535,
          0.9999887856174962,
          -0.004655894357729328,
          0.02793297886463702
        ],
        [
          0.0,
          0.0,
          0.0,
          1.0
        ]
      ]
    },
    {
      "file_path": "./images/IMG_20220524_144535_00_012(1)_1.jpg",
      "sharpness": 256.969831289642,
      "transform_matrix": [
        [
          -0.1601485856977961,
          -0.10049437012602407,
          0.9819640075214611,
          3.1619518524508963
        ],
        [
          0.987026942538441,
          -0.027805040368069096,
          0.1581287274132903,
          4.9933956024560455
        ],
        [
          0.011412502008896763,
          0.9945490240801335,
          0.10364358877803234,
          1.3465436410948954
        ],
        [
          0.0,
          0.0,
          0.0,
          1.0
        ]
      ]
    },
    {
      "file_path": "./images/IMG_20220524_144535_00_012(1)_2.jpg",
      "sharpness": 188.56164991175896,
      "transform_matrix": [
        [
          0.7645210915650106,
          -0.12326977023856113,
          0.6327021924201113,
          3.058243913517842
        ],
        [
          0.6338696981996805,
          -0.034568976888660743,
          -0.77266693441684,
          5.028502782501326
        ],
        [
          0.11711834294367303,
          0.9917709158761653,
          0.05170826011305611,
          1.5949000965080273
        ],
        [
          0.0,
          0.0,
          0.0,
          1.0
        ]
      ]
    },
    {
      "file_path": "./images/IMG_20220524_144535_00_012(1)_0.jpg",
